4 
4 
4 
4 15 
4 15 17 
4 
4 7 
4 7 
4 7 
3 20 
2 
2 4 
2 4 7 
2 4 7 11 
2 4 7 11 13 
3 4 
3 4 
10 
10 
10 16 
1 
1 4 
1 4 
12 13 
12 13 16 
2 
4 
2 7 
2 7 
13 
1 2 
1 2 5 
1 2 5 
8 10 
8 10 13 
2 
2 
4 
2 7 
11 13 
6 
6 9 
6 9 12 
6 9 12 
6 9 12 
1 2 
2 4 5 
1 2 4 5 8 
2 4 5 8 10 11 
1 2 4 5 8 10 13 14 
2 
2 4 
2 4 
2 4 10 
2 4 10 13 
1 
1 5 
1 5 
1 5 
17 
4 
4 7 
4 7 
4 7 
7 9 10 12 
5 6 
8 
8 
8 14 15 
8 14 15 18 
3 
3 
3 9 
3 9 12 
4 16 
1 
1 4 
1 4 8 
1 4 8 10 11 
1 4 8 10 11 13 14 
6 
6 8 9 
6 8 9 11 
8 9 11 14 
5 12 
5 
5 
8 9 11 12 
8 9 11 12 15 
9 11 12 15 17 
3 4 
3 4 6 
4 6 
3 4 6 9 10 
3 4 6 9 10 16 
6 
6 9 
6 9 11 
6 9 11 14 
6 9 11 14 
3 4 
3 4 
3 4 9 
3 4 9 
13 16 
2 
2 5 
2 5 
8 11 
8 11 
8 
8 
8 
17 
17 
2 
5 
2 4 8 
5 
4 8 
5 6 
5 6 8 9 
9 12 
5 6 8 9 
9 12 
2 
2 4 
2 4 
2 4 10 11 
2 4 10 11 
2 
2 4 
2 4 
13 
13 16 
12 
12 
12 17 
12 17 21 
20 24 
4 
7 
7 10 
7 10 12 
7 10 12 
2 
2 5 
5 7 8 
5 7 8 10 
2 5 7 8 
1 2 
1 2 4 
2 4 
11 
11 
1 
1 4 
1 4 7 
1 4 7 
13 14 
1 2 
1 2 4 5 
2 4 5 7 
1 2 4 5 7 11 
2 4 5 7 11 13 14 
3 4 
3 4 7 
3 4 7 
3 4 7 13 
3 4 7 13 15 16 
15 
15 18 19 
15 18 19 21 22 
15 18 19 21 22 
18 19 21 22 
1 2 
1 2 
2 7 
2 7 10 11 
1 2 8 10 11 13 
1 
5 
1 4 
5 7 10 11 
8 10 
1 
1 4 
4 5 7 
4 5 7 11 
4 5 7 11 13 14 
1 
5 
5 
2 7 
1 10 11 13 
2 
2 5 
5 8 
2 5 
5 8 10 11 
1 2 
1 2 
4 7 
1 2 8 10 11 
1 2 8 10 11 13 14 
6 
9 
6 8 11 
9 
9 17 18 
26 
26 29 
26 29 
29 35 
29 35 37 38 
8 
8 
8 13 
13 17 
13 17 19 
10 
10 12 
10 12 
10 12 18 
10 12 18 
6 
6 
6 11 
6 11 14 
6 11 14 
1 2 
1 2 4 
2 4 7 
1 2 4 7 
2 4 7 14 
1 2 
1 2 4 5 
2 4 5 7 8 
2 4 5 7 8 10 
2 4 5 7 8 10 
2 
2 
2 7 8 
7 8 10 11 
7 8 10 11 
5 
5 
5 11 12 
14 
14 18 
11 
11 
18 
18 20 
11 24 
6 
6 8 
6 8 
14 
14 
2 
2 
2 
10 11 
10 11 13 14 
2 
4 5 
2 4 5 
2 4 5 10 11 
2 4 5 10 11 13 14 
3 
4 
3 6 
4 14 
4 14 
9 10 
9 10 
9 10 
20 
20 23 24 
8 
8 
8 14 
8 14 16 
8 14 16 20 
18 
18 21 
18 21 
23 
24 
3 
3 
3 10 
13 
13 15 
1 
1 4 
1 4 7 
1 4 7 
1 4 7 14 
7 8 
7 8 
8 11 
8 11 
11 22 
11 12 
11 12 14 
15 
15 20 
11 12 14 21 24 
1 
1 4 
1 4 
21 
21 24 
3 
3 
3 11 
3 11 
11 18 
3 
3 
3 9 
3 9 
22 
4 
4 6 7 
4 6 7 10 
4 6 7 10 13 
9 15 
1 2 
2 4 5 
1 2 
2 4 5 
2 4 5 14 
23 
23 
23 29 30 
23 29 30 32 
29 30 32 35 
2 
4 5 
4 5 7 8 
4 5 7 8 
4 5 7 8 
1 
1 4 
1 4 
5 8 
10 11 
4 
4 
4 9 
4 9 
4 9 15 
3 4 
4 6 7 
4 6 7 
3 4 6 7 
4 6 7 15 
4 
4 7 
4 7 
9 12 
4 7 13 15 16 
3 4 
3 4 
3 4 
12 13 
12 13 15 16 
4 
4 6 7 
6 7 
6 7 
4 6 7 18 
1 
4 5 
4 5 
1 7 
5 8 
10 
10 
12 
10 16 18 
10 16 18 21 
2 
2 4 
2 4 7 
2 4 7 
2 4 7 13 
10 
12 13 
12 13 15 16 
12 13 15 16 
10 12 13 22 
14 
14 17 
17 19 20 
14 17 19 20 
14 17 19 20 26 
3 
3 6 
9 
9 12 
9 12 16 
6 
6 8 
6 8 11 
6 8 11 14 15 
6 8 11 14 15 18 
1 2 
1 2 
2 5 
2 5 
1 2 10 14 
2 
1 
2 
1 7 
2 14 
3 
3 7 
7 10 
3 7 10 13 
7 10 
5 
8 9 
8 9 11 12 
8 9 11 12 
5 18 
3 4 
3 4 
3 4 9 10 
12 13 
12 13 16 
6 
6 9 
6 9 
6 9 15 
12 15 18 
2 
2 
2 7 
2 7 11 
2 7 11 14 
5 6 
6 8 
5 6 9 11 
5 6 9 11 
6 8 11 17 
6 
6 8 9 
6 8 9 
6 8 9 15 
6 8 9 15 
4 
4 7 
4 7 10 
13 
4 7 10 12 
1 
1 
7 8 
7 8 
1 11 14 
1 
1 4 
1 4 
4 8 10 
8 10 
2 
2 4 5 
5 8 
8 11 
2 4 5 10 
3 
3 
3 10 
3 10 12 
3 10 12 
1 
1 
9 
1 10 
9 15 16 
13 
13 17 
13 17 
13 17 22 23 
13 17 22 23 25 
1 
4 5 
1 4 7 8 
1 4 7 8 
2 10 11 
9 
9 12 
9 12 
9 12 18 
18 21 
3 
3 6 
3 6 
3 6 14 15 
3 6 14 15 18 
1 
1 4 
1 4 
10 11 
4 7 11 13 
3 
3 
3 11 12 
11 12 14 15 
11 12 14 15 
3 
3 6 
3 6 
3 6 19 
3 6 19 21 22 
4 
4 6 7 
4 6 7 
13 
13 
3 
3 
3 16 
3 16 
21 22 
9 
9 
9 15 16 
9 15 16 18 
15 16 18 
1 
1 4 
4 7 8 
4 7 8 11 
4 7 8 11 
3 
3 
3 10 
3 10 12 13 
3 10 12 13 15 16 
3 4 
3 4 7 
3 4 7 9 
4 7 9 10 
4 7 9 10 
1 
1 
9 
1 13 
1 13 
1 
1 5 
1 5 7 8 
5 7 8 
1 5 7 8 
12 
14 
12 
14 17 20 21 
14 17 20 21 
10 
12 
12 15 
16 18 
16 18 
5 
6 9 
5 8 12 
6 9 
5 8 12 
4 
4 
4 
4 15 
15 17 
6 
6 
6 
6 17 
6 17 
8 
8 10 
8 10 
10 16 
8 10 16 19 
3 4 
3 4 
3 4 
13 
13 
7 
7 
7 13 
7 13 
13 16 17 19 
1 
1 
1 7 
1 7 10 11 
1 7 10 11 
1 
1 5 
1 5 7 8 
7 8 10 11 
7 8 10 11 13 
1 
1 
1 7 
1 7 10 11 
1 7 10 11 
3 
3 
3 12 
3 12 15 
3 12 15 18 
6 
6 9 
6 9 
5 15 
9 12 
6 
6 
6 
6 14 15 
6 14 15 17 
2 
4 5 
7 
4 5 
2 10 11 13 
2 
2 5 
5 7 
2 5 7 8 10 11 
13 
3 
3 
9 
3 13 
3 13 16 
2 
2 
2 
4 5 8 
2 13 
5 
5 
9 
9 
9 18 
2 
2 
2 8 
2 8 
2 8 13 14 
2 
2 
2 
2 13 
2 13 15 
5 6 
6 8 
5 6 8 9 11 
5 6 8 9 11 
5 6 8 9 11 18 
1 
1 
7 8 
7 8 
1 13 
2 
1 5 
2 7 
5 8 
2 7 14 
3 
3 
3 10 
3 10 
3 10 
1 2 
2 4 5 
7 
2 4 5 10 
7 10 13 14 
16 
16 
16 
16 28 
16 28 
1 2 
1 2 
1 2 
11 
14 
2 
4 5 
2 4 5 7 8 
4 5 7 8 
4 5 7 8 
2 
2 
2 7 
10 11 
10 11 13 14 
1 2 
1 2 
8 
8 
8 13 
1 
1 4 
1 4 
1 4 14 15 
17 
1 
1 4 
1 4 
10 
10 13 14 
12 
12 
12 
12 20 
12 20 
2 
2 
2 
2 11 
11 13 
6 
6 
6 12 
6 12 15 
12 15 
2 
2 5 
2 5 
4 8 10 
4 8 10 
3 4 
3 4 
3 4 
17 
17 20 
3 
3 6 
7 
7 
7 20 
2 
2 5 
2 5 8 
5 8 
10 13 
2 
4 5 
4 5 
5 10 11 
5 10 11 
1 
1 4 5 
1 4 5 
1 4 5 
1 4 5 14 
4 
4 6 
4 6 10 
4 6 10 13 
4 6 10 13 16 
3 
3 7 
3 7 10 
3 7 10 
3 7 10 
5 6 
5 6 8 
5 6 8 
5 6 8 17 
5 6 8 17 
2 
2 
2 
2 11 
2 11 
1 
1 
1 10 
12 
12 15 16 
7 
7 11 
7 11 
11 17 
14 
1 
1 5 
1 5 
1 5 
13 
4 
4 7 
4 7 
4 7 
13 
2 
2 
2 7 
10 11 
7 10 11 13 
10 
10 
10 15 
16 18 
16 18 
6 
8 9 
6 8 9 11 
6 8 9 11 
18 
1 2 
1 2 
8 
2 5 
5 7 10 13 
1 
1 4 5 
4 5 7 8 
4 5 7 8 10 11 
4 5 7 8 10 11 14 
2 
2 
2 
10 11 
2 10 
6 
6 
6 
14 
14 17 
9 
9 13 
9 13 15 
9 13 15 18 19 
9 13 15 18 19 21 
3 4 
3 4 
3 4 
16 
16 19 20 
3 4 
3 4 
6 9 
6 9 
3 4 16 
1 
1 4 
1 4 
8 
1 4 13 14 
26 
26 
26 32 
32 35 
32 35 
10 
10 13 
10 13 16 
10 13 16 18 
10 13 16 18 
6 
6 8 9 
6 8 9 11 
6 8 9 11 
12 15 
3 4 
3 4 
3 4 9 10 
3 4 9 10 12 
7 9 10 12 
1 2 
1 2 4 5 
2 4 5 7 
1 2 4 5 7 10 11 
1 2 4 5 7 10 11 14 
3 4 
3 4 
3 4 9 
4 9 
3 4 9 13 
7 
7 11 
13 
13 16 
13 16 20 
2 
2 5 
2 5 8 
2 5 8 
2 5 8 
1 
1 
1 7 
1 7 11 
1 7 11 13 
1 
1 4 
1 4 7 
2 10 11 
1 4 7 11 14 
4 
4 6 
4 6 
13 
13 
2 
2 4 
2 4 7 8 
2 4 7 8 10 
2 4 7 8 10 
4 
4 
9 10 
3 9 10 12 13 
3 9 10 12 13 
3 4 
4 6 7 
3 4 
10 
15 16 
2 
2 4 
2 4 
11 
11 13 
6 
6 8 9 
6 8 9 
6 8 9 
18 
11 
11 
17 18 
11 17 18 20 
11 17 18 20 
3 4 
3 4 
3 4 9 10 
4 9 
3 4 9 10 
2 
2 5 
2 5 
2 5 
15 
3 4 
3 4 
4 10 
4 10 
15 
2 
2 
2 
8 10 
8 10 
3 4 
6 
9 10 
6 9 10 13 
9 10 13 16 
1 
1 
7 
7 
1 13 14 
3 
3 6 
3 6 
9 
3 6 13 16 
1 
5 
5 
1 10 
1 10 
2 
2 
2 7 8 
2 7 8 10 
2 7 8 10 13 
7 8 
7 8 
7 8 14 
7 8 14 17 
7 8 14 17 
