3 
3 7 
3 7 9 
12 
12 
2 
5 
2 
8 
8 13 
1 2 
5 
1 2 
5 11 
5 11 
4 
4 
4 9 
4 9 
16 
1 2 
4 
1 2 5 
4 7 10 
4 7 10 13 
3 
3 7 
10 
10 12 13 
10 12 13 
4 
4 6 
7 
7 12 13 
7 12 13 
4 
4 
4 10 
9 13 
4 10 
4 
4 6 
4 6 
13 
13 15 
5 6 
5 6 
9 
5 6 15 
5 6 15 17 18 
4 
7 
7 10 
7 13 10 
7 13 15 10 
8 
8 
10 14 
10 14 17 
10 14 17 
2 
2 
8 
8 
8 13 
1 
1 4 
1 7 4 8 
1 7 4 8 
10 13 
3 
3 
3 9 10 
3 9 10 
3 9 10 
3 
3 
3 12 
3 12 
3 18 12 17 
3 
3 6 7 
3 6 7 10 
3 6 7 10 
3 6 7 10 
2 
2 5 
2 5 
11 
11 13 
3 
3 6 
3 6 9 
3 6 9 12 13 
16 
2 
2 
2 
2 13 
2 13 
8 
8 
8 13 14 
8 13 14 
8 13 14 20 
1 2 
4 
4 
10 
10 
2 
2 
2 
11 
11 
6 
8 
8 
6 12 
8 17 
14 
14 
16 
16 22 
16 22 
2 
2 4 5 
2 4 5 8 
2 4 5 8 
2 4 5 8 
4 
6 
4 
4 13 
6 15 
17 18 
17 18 21 
17 24 18 21 
17 24 18 21 26 
17 24 18 21 26 29 
7 
7 10 
7 10 
13 17 
13 17 
1 
1 4 
1 7 4 
1 7 11 4 
1 7 11 4 
10 
10 
10 
10 18 19 
10 18 19 
4 
4 6 
9 
9 12 
9 12 
11 
11 15 
11 15 17 
11 15 17 21 
11 15 24 17 21 
3 
3 
7 9 10 
7 9 10 
7 9 10 16 
4 
4 
4 
12 
12 
2 
2 
2 7 
2 7 
2 18 7 
1 
4 
4 
4 11 
1 10 
18 
18 
23 
23 26 
23 26 
1 2 
1 2 
1 2 
1 11 2 10 
1 11 2 10 
5 
9 
9 11 12 
9 11 12 14 
9 11 12 14 
1 
1 
1 7 8 
1 7 8 11 
1 7 8 11 
12 
12 
17 
12 20 18 
17 24 
2 
2 4 
2 4 
1 10 11 
1 10 11 
2 
2 4 
2 4 7 
5 
5 13 
1 
1 
1 10 
1 10 
1 10 
5 6 
5 6 
5 6 11 
5 6 11 15 
5 6 11 15 
2 
2 
2 8 
5 
2 8 11 
1 
2 4 5 
2 4 5 
1 10 11 
1 10 11 
4 
4 7 
4 7 
4 7 
4 7 18 
1 
1 
1 9 
1 9 13 
1 9 13 
2 
2 
2 7 
2 7 11 
13 14 
4 
4 
4 10 
12 
12 
3 
3 
3 11 
3 11 
19 
1 
1 
1 9 10 
1 9 10 13 
1 9 10 13 16 
3 
6 
6 9 
6 9 13 
6 9 13 
3 4 
3 4 
10 
10 
10 15 
1 
1 4 5 
1 4 5 7 
1 4 5 7 10 11 
1 4 5 7 10 11 
2 
2 5 
2 5 7 8 
2 5 7 8 10 
2 5 7 8 10 13 
31 
31 35 
31 35 
31 35 
49 
2 
2 4 
7 
7 
7 15 16 
4 
4 6 
4 6 
10 
10 
4 
6 
6 10 
4 7 9 12 
3 16 
1 
1 5 
7 
7 11 
7 11 14 
1 
1 4 
7 8 
7 8 
7 8 
5 
6 9 
6 9 
6 9 
5 17 18 
1 
1 
1 8 
1 8 10 
1 8 10 14 
1 
1 4 
5 8 
5 8 
14 
4 
4 7 
4 7 
13 
13 
2 
2 
2 
5 8 10 
5 8 10 14 
5 6 
5 6 
5 6 
15 
15 
2 
2 
2 8 
2 8 11 
2 8 11 
1 
1 4 
1 4 7 8 
1 4 7 8 10 
1 4 7 8 10 
2 
2 
2 
2 11 
2 11 13 
4 
4 
4 10 
4 10 
4 10 
2 
5 
5 7 
5 7 10 
5 7 10 
5 6 
5 6 
5 6 
5 6 18 
21 22 
5 
5 
9 11 12 
5 15 
5 15 18 
1 
1 
4 
1 10 
1 10 
2 
2 5 
2 5 
7 11 
7 11 
1 
2 4 
2 4 8 
1 7 
2 4 8 10 
4 
4 
4 
4 13 
4 13 
1 
1 5 
1 5 
1 5 
1 5 15 
2 
2 5 
2 5 
2 5 
16 
1 
4 
1 7 
1 7 
4 13 10 
1 
1 
7 
7 10 
7 10 
1 
1 
5 8 
5 8 
5 8 
5 6 
5 6 
5 6 
24 25 
24 25 
2 
2 5 
2 5 
7 8 10 
7 8 10 14 
2 
1 4 
2 7 
2 7 
1 4 13 
2 
2 5 
2 5 
2 5 
2 15 5 
2 
2 4 5 
2 4 7 8 5 
2 4 7 8 10 11 5 
2 4 7 8 10 11 5 13 
9 
9 12 13 
9 12 13 16 
9 12 13 16 
9 12 13 16 
2 
2 4 
2 4 8 
2 4 8 
2 4 8 13 
1 2 
1 2 4 
8 
8 
8 
8 
8 10 
14 
14 
14 19 
3 4 
3 6 4 
3 6 4 9 
3 6 4 9 13 
3 6 4 9 13 
2 
2 4 5 
2 4 5 7 
2 4 5 7 
1 13 14 11 
7 
7 
7 17 
7 17 
23 
2 
2 4 
2 4 
11 
11 
2 
2 
2 
11 
11 
3 
3 6 
3 6 
12 
12 15 16 
2 
2 5 
2 5 8 
2 5 8 10 
2 5 8 10 13 14 
3 
3 
3 9 
3 9 12 
3 9 12 15 16 
2 
2 
8 
8 
8 14 
2 
2 
2 
2 16 
19 20 
2 
4 
4 7 
2 10 
4 13 7 
1 
2 4 
2 4 
1 5 7 10 
1 5 7 10 14 
12 
15 
15 
15 21 
12 20 
8 
8 
8 14 
8 14 
8 14 19 
6 
6 8 9 
6 8 9 12 
6 8 9 12 
15 
3 
3 7 
4 
3 7 12 
3 7 12 16 
4 
4 
4 10 
4 10 
4 10 
2 
1 
2 7 
1 11 
1 11 
9 10 
9 10 12 
9 10 12 
9 10 12 25 
9 10 12 25 27 
11 
11 
19 
19 
11 22 
2 
2 5 
2 5 7 
2 5 7 10 11 
2 5 7 10 11 
2 
2 5 
2 5 7 
2 5 7 
2 5 7 17 
1 
1 4 
1 4 
1 4 10 
1 4 10 
5 
5 
16 
16 
16 22 
5 
5 8 
5 8 11 12 
5 8 11 12 
5 8 11 12 17 
6 
9 
11 
9 14 
6 12 15 
8 
10 
8 14 
8 14 17 
8 14 17 19 20 
12 
12 14 15 
12 14 15 
12 14 15 21 
24 
8 
8 
8 
8 19 
8 19 
6 
6 
6 12 
14 
6 12 
2 
2 4 
2 4 
5 11 
5 11 
1 
1 
1 8 
7 
1 14 8 
2 
2 
2 
2 10 
2 10 13 
11 12 
11 12 14 
17 18 
17 18 20 21 
17 18 20 21 
10 
10 
15 
15 18 
15 18 
4 
4 7 
4 7 
10 
4 7 12 
1 2 
4 
4 7 
4 7 
14 
1 2 
4 5 
7 8 
4 5 
7 8 13 14 
12 
12 
12 
21 
21 
6 
6 
6 12 
6 12 14 
6 12 14 
5 6 
8 9 
8 9 11 
5 6 12 15 
5 6 12 15 
1 2 
5 
5 
5 
1 2 16 
1 2 
1 2 
1 2 7 8 
1 2 7 8 
14 
2 
2 
2 8 
5 11 
5 11 
6 
6 8 
6 8 11 
12 
12 
1 2 
1 2 
1 7 2 
1 7 2 
14 
6 
6 8 9 
6 8 9 
6 8 9 15 
6 8 9 15 
2 
2 
2 
14 
2 18 
1 
1 
1 7 
1 7 
1 17 7 18 
2 
2 
2 
2 14 
2 14 
5 6 
5 6 8 
5 6 8 
14 
14 
6 
6 
6 11 
6 11 
22 
1 2 
1 2 
1 2 
15 
15 18 
2 
1 
2 7 
2 7 
1 11 
1 
1 
4 5 
1 10 
1 10 13 
2 
2 
2 
10 
10 
7 
7 
7 13 14 
7 13 14 
7 13 14 20 
6 
6 9 
6 9 
6 9 14 
6 9 14 18 
1 2 
1 2 4 
1 2 4 
5 8 10 7 
1 2 4 14 
2 
2 4 5 
2 4 5 
2 4 5 10 
2 4 5 10 
13 14 
16 
13 14 
13 14 23 
13 14 23 
4 
4 6 
4 6 
4 6 13 
4 15 6 16 13 
8 
8 11 
8 11 14 
8 11 14 
8 11 14 19 
2 
2 
2 
2 10 
2 10 
4 
4 
4 9 
4 9 
4 17 9 
8 
8 10 
8 10 
18 
8 10 19 
2 
2 4 
7 
7 11 
7 11 13 
2 
2 
2 
11 
11 
4 
4 
4 
4 18 
4 18 21 22 
1 
1 5 
1 5 7 
1 5 7 
1 5 19 20 7 
4 
4 
7 10 
4 9 
16 
4 
4 6 
4 6 
10 
10 15 
1 
1 5 4 
1 5 7 4 8 
1 5 7 4 8 10 
1 5 7 4 8 10 14 
1 
1 
8 
8 
8 14 
6 
6 8 9 
6 8 9 11 12 
6 8 9 11 12 
6 8 9 11 12 
1 
2 
2 
1 5 7 
2 14 
2 
2 
5 7 
5 7 
2 11 
4 
4 6 
4 6 
17 
17 
6 
6 
6 
6 15 
6 15 
1 
5 
5 
5 11 
14 
11 
11 14 
11 14 
11 14 20 21 
11 14 20 21 
1 
1 
1 9 
10 
10 16 
5 
5 8 9 
5 8 9 
5 8 9 14 
5 8 9 14 
6 
6 
6 
15 
6 17 
2 
2 
2 
2 10 
14 
4 
4 7 
4 7 
4 7 
12 
3 4 
3 6 7 4 
3 6 7 4 
3 6 7 4 
3 6 7 4 15 
4 
4 
3 9 
3 9 
3 9 15 
7 
7 11 
13 14 
7 11 
7 11 19 
1 
1 4 5 
1 4 8 5 
1 4 8 5 
1 4 8 5 
2 
5 
5 7 
5 7 10 
5 7 10 
2 
2 5 
2 7 5 
2 7 11 5 
2 7 11 5 
6 
5 
6 11 
6 11 
5 15 
3 
3 
3 9 
12 
12 
7 
7 10 
7 10 
21 
21 24 
1 
1 
1 9 
12 
10 13 
9 
9 12 
9 12 16 15 
9 12 16 15 
9 12 16 21 15 
6 
5 
6 
5 14 
5 14 
20 
20 
20 26 
20 26 28 
20 26 28 
7 
8 
7 11 
7 11 
10 14 
1 
1 4 
1 4 
1 4 11 
1 4 11 
1 
1 5 
1 5 
1 5 
1 5 13 
4 
4 
4 
4 13 
12 
10 
10 12 13 
10 12 13 
10 12 13 
19 
2 
2 
2 
2 10 
8 
