23 17 5 
23 17 5 
29 20 15 
29 20 15 
42 46 44 
108 107 105 
108 107 105 
108 107 105 
144 147 146 
162 154 153 
51 42 36 
51 42 36 
67 66 59 
67 66 59 
84 79 64 
28 30 29 
28 30 29 
37 39 38 
51 49 48 
53 55 54 
24 20 16 
24 20 16 
44 43 30 
44 20 16 
44 20 16 
45 43 42 
45 43 42 
69 71 70 
72 70 66 
78 71 70 
76 80 79 
82 80 79 
82 80 79 
205 209 206 
217 214 209 
19 22 20 
39 25 22 
39 25 22 
39 32 25 
93 87 81 
18 17 16 
42 40 37 
54 56 55 
58 56 55 
58 56 55 
48 51 49 
63 62 60 
120 116 115 
120 119 116 
120 116 115 
23 22 18 
23 22 18 
39 41 40 
99 97 90 
99 97 90 
13 15 14 
19 15 14 
21 16 11 
21 18 16 
70 58 52 
80 78 72 
95 75 74 
103 102 101 
107 109 108 
107 111 109 
1 4 3 
7 4 3 
7 4 3 
7 4 3 
29 28 26 
53 48 42 
53 48 42 
61 60 51 
65 67 66 
70 67 66 
24 23 21 
24 23 21 
24 23 21 
47 46 45 
47 46 45 
46 45 39 
46 45 39 
56 55 43 
56 55 43 
56 43 38 
74 67 54 
127 126 125 
127 126 125 
127 126 125 
224 228 225 
10 14 12 
29 19 14 
29 22 19 
29 19 14 
76 79 78 
2 6 3 
10 8 6 
10 8 6 
62 60 51 
69 72 71 
48 45 40 
58 45 40 
59 52 45 
59 52 45 
74 78 76 
5 8 6 
19 14 8 
31 34 33 
39 42 41 
45 34 33 
15 17 16 
25 23 22 
25 20 17 
25 22 20 
102 105 104 
97 89 88 
149 148 147 
185 184 183 
209 212 211 
215 212 211 
80 82 81 
80 82 81 
91 82 81 
91 82 81 
132 135 133 
22 19 16 
22 19 16 
22 19 16 
48 46 44 
48 46 44 
18 17 16 
18 17 16 
24 23 21 
41 35 34 
41 34 29 
25 27 26 
38 31 27 
61 58 53 
65 58 53 
65 58 53 
8 12 10 
16 12 10 
16 12 10 
69 62 58 
69 62 58 
10 8 3 
14 9 6 
14 9 6 
30 27 23 
30 27 23 
6 9 7 
12 15 14 
18 15 14 
22 9 7 
22 9 7 
35 30 25 
35 25 22 
42 36 33 
42 32 29 
57 60 59 
32 19 15 
32 21 19 
43 42 37 
47 51 49 
91 88 83 
41 39 35 
41 39 35 
44 48 45 
60 55 48 
60 48 45 
14 13 8 
14 13 8 
14 13 8 
20 16 7 
74 71 63 
9 12 11 
38 36 30 
38 36 30 
45 42 36 
45 42 36 
9 11 10 
18 15 8 
18 15 8 
22 11 10 
22 11 10 
14 12 5 
14 12 5 
14 12 5 
91 90 88 
91 90 88 
28 19 16 
31 30 24 
31 30 24 
31 30 24 
52 47 44 
28 25 21 
28 20 19 
50 49 42 
60 55 46 
63 53 49 
2 6 3 
9 6 3 
9 6 3 
9 6 3 
106 104 97 
20 19 17 
52 54 53 
62 54 53 
62 54 53 
67 64 55 
51 50 39 
51 50 39 
97 89 87 
125 124 123 
125 123 122 
9 11 10 
19 17 11 
19 17 11 
34 33 32 
34 33 32 
20 22 21 
20 22 21 
39 28 22 
40 38 37 
40 38 37 
28 25 22 
28 25 22 
28 25 22 
117 116 113 
117 116 113 
8 10 9 
12 10 9 
12 10 9 
25 21 15 
99 93 80 
10 6 3 
25 20 16 
25 16 15 
25 16 15 
43 45 44 
33 35 34 
43 35 34 
43 39 35 
43 35 34 
106 100 98 
74 56 51 
90 87 86 
98 101 99 
107 101 99 
107 101 99 
30 34 32 
39 33 31 
39 33 31 
61 60 59 
61 60 59 
13 8 7 
13 8 7 
38 30 26 
38 30 26 
38 37 30 
67 61 60 
67 61 60 
80 82 81 
80 82 81 
100 97 87 
15 8 6 
15 8 6 
24 22 21 
24 22 21 
24 22 21 
2 6 4 
10 13 12 
17 12 6 
24 13 12 
24 15 13 
41 38 34 
41 38 34 
56 60 58 
62 60 58 
66 63 57 
22 21 19 
22 21 19 
22 21 19 
62 60 58 
62 61 60 
22 24 23 
22 24 23 
49 48 45 
49 48 45 
60 58 57 
42 39 34 
42 39 34 
57 60 58 
67 62 59 
67 62 59 
25 21 16 
60 53 48 
60 59 53 
87 89 88 
87 89 88 
46 43 42 
46 43 42 
46 43 42 
87 91 89 
90 93 91 
15 14 13 
24 22 11 
48 42 38 
48 42 38 
48 38 34 
4 7 5 
11 7 5 
33 36 34 
101 88 86 
101 98 96 
20 17 14 
20 17 14 
51 44 37 
51 44 37 
66 70 67 
35 33 30 
35 33 30 
58 53 49 
75 77 76 
75 77 76 
26 29 27 
109 86 82 
109 104 95 
112 106 104 
112 106 104 
17 20 18 
27 20 18 
27 24 20 
33 25 24 
129 127 123 
36 33 32 
36 33 32 
36 32 29 
133 132 131 
133 131 128 
26 19 13 
26 19 13 
41 43 42 
49 48 43 
49 48 43 
6 8 7 
6 10 8 
16 10 8 
30 33 31 
45 39 36 
26 30 27 
34 32 20 
38 30 27 
38 30 27 
38 30 27 
28 31 30 
41 40 36 
41 40 36 
41 40 36 
130 105 102 
23 25 24 
34 30 25 
38 30 25 
83 85 84 
88 85 84 
4 8 6 
14 8 6 
14 8 6 
21 18 10 
21 18 10 
74 78 76 
82 81 80 
94 92 78 
94 92 78 
94 92 78 
51 50 45 
51 50 45 
78 81 80 
89 86 81 
131 129 125 
44 47 45 
51 47 45 
51 47 45 
51 47 45 
56 59 57 
74 70 68 
103 105 104 
103 107 105 
111 105 104 
182 184 183 
11 9 6 
11 9 6 
24 23 21 
24 23 21 
29 20 9 
42 33 24 
42 40 33 
60 55 52 
91 90 81 
91 90 81 
8 10 9 
13 10 9 
13 10 9 
13 10 9 
51 54 52 
22 21 20 
22 21 20 
22 21 20 
59 55 51 
59 55 51 
14 12 9 
14 12 9 
14 12 9 
56 50 46 
56 50 46 
10 8 6 
43 39 35 
43 42 39 
43 42 39 
150 149 148 
56 54 48 
78 77 62 
78 77 62 
97 96 92 
97 96 92 
8 10 9 
8 13 10 
15 10 9 
27 24 21 
32 31 30 
15 18 17 
22 18 17 
22 18 17 
31 35 34 
40 38 35 
29 26 23 
29 26 23 
32 30 28 
53 57 54 
61 57 54 
9 11 10 
15 11 10 
110 112 111 
110 114 112 
118 115 114 
38 37 36 
38 37 36 
38 37 36 
46 41 33 
50 52 51 
39 38 37 
70 73 72 
77 76 73 
77 76 73 
186 163 158 
15 18 17 
22 18 17 
22 17 16 
31 28 25 
117 120 119 
60 49 36 
60 59 49 
60 59 49 
66 62 59 
68 72 69 
25 24 13 
25 24 13 
58 60 59 
63 60 59 
63 60 59 
18 21 20 
27 21 20 
29 21 20 
29 21 20 
35 25 24 
34 33 29 
34 33 29 
39 36 33 
39 36 33 
40 33 29 
12 8 3 
12 8 3 
33 31 28 
53 42 39 
83 86 85 
1 4 3 
11 10 6 
11 10 6 
33 32 30 
48 25 20 
3 6 5 
9 6 5 
9 6 5 
9 6 5 
66 60 56 
38 40 39 
38 40 39 
45 40 39 
45 40 39 
51 48 42 
33 27 25 
33 27 25 
98 97 87 
98 97 87 
106 108 107 
10 13 12 
37 32 13 
39 42 40 
44 42 40 
44 42 40 
38 37 32 
38 32 27 
38 37 32 
49 48 47 
49 48 47 
17 20 18 
23 20 18 
34 38 36 
45 38 36 
88 92 89 
24 21 19 
42 40 39 
50 49 48 
50 49 48 
116 114 112 
51 50 49 
51 50 49 
62 64 63 
62 64 63 
69 64 63 
20 23 21 
29 23 21 
29 23 21 
29 26 23 
70 62 61 
33 32 18 
39 43 41 
42 45 43 
49 45 43 
48 46 45 
20 13 12 
20 13 12 
20 19 13 
41 40 34 
41 40 34 
19 22 21 
25 22 21 
25 22 21 
25 22 21 
58 53 45 
26 23 21 
81 76 75 
86 75 67 
99 98 96 
118 122 120 
34 38 37 
40 38 37 
43 41 38 
43 41 38 
51 53 52 
33 32 30 
100 98 96 
100 94 93 
122 120 112 
122 112 107 
33 35 34 
44 35 34 
44 35 34 
85 89 88 
92 89 88 
37 31 28 
37 31 28 
41 31 28 
41 31 28 
64 68 67 
29 32 30 
56 55 51 
56 55 51 
68 45 38 
68 53 50 
29 32 30 
35 34 32 
35 34 32 
35 32 30 
51 48 44 
2 4 3 
2 4 3 
11 4 3 
11 4 3 
32 31 29 
40 39 34 
40 39 34 
40 39 34 
59 61 60 
59 64 61 
45 41 39 
45 44 41 
94 93 92 
94 93 92 
94 93 92 
4 7 6 
11 7 6 
11 7 6 
11 7 6 
46 44 43 
49 47 42 
49 47 42 
68 67 63 
68 67 63 
68 63 58 
38 40 39 
38 40 39 
55 48 40 
55 52 48 
59 52 48 
18 16 15 
43 46 45 
60 63 61 
66 63 61 
66 63 61 
24 26 25 
24 26 25 
31 29 26 
31 29 26 
54 53 48 
29 27 24 
47 51 50 
53 51 50 
53 51 50 
60 56 48 
31 30 25 
31 30 25 
52 48 47 
108 111 109 
113 111 109 
8 7 5 
29 22 19 
29 22 19 
29 22 19 
38 34 32 
23 19 14 
46 44 43 
53 44 43 
53 51 49 
62 64 63 
80 75 74 
139 137 133 
153 152 151 
157 154 152 
162 161 160 
45 47 46 
51 47 46 
61 58 57 
87 85 83 
87 85 83 
48 43 30 
61 56 50 
61 56 50 
61 56 50 
112 110 106 
48 34 29 
48 34 29 
48 34 29 
79 78 64 
79 78 64 
31 29 24 
31 29 24 
110 113 112 
120 113 112 
120 113 112 
10 14 11 
21 16 9 
43 35 25 
43 35 25 
47 52 49 
17 19 18 
20 18 16 
20 19 18 
31 30 26 
31 30 26 
2 4 3 
2 4 3 
19 17 15 
42 35 27 
42 40 35 
8 12 10 
14 12 10 
14 12 10 
51 53 52 
51 53 52 
4 6 5 
4 6 5 
11 6 5 
11 6 5 
50 48 44 
142 141 140 
142 141 140 
155 153 151 
165 169 166 
171 169 166 
20 19 13 
20 19 13 
20 19 13 
38 41 40 
53 52 47 
12 14 13 
17 14 13 
59 54 53 
77 76 74 
77 76 74 
35 30 26 
35 30 26 
52 51 50 
52 51 50 
52 51 50 
11 9 8 
37 41 38 
47 41 38 
47 41 38 
60 55 45 
48 50 49 
48 50 49 
62 61 56 
74 71 66 
74 66 59 
36 32 25 
36 32 25 
36 32 25 
74 64 62 
74 64 62 
49 48 44 
49 48 44 
69 66 60 
69 67 66 
76 73 70 
1 4 2 
15 17 16 
15 17 16 
31 22 17 
31 25 24 
35 32 27 
35 32 27 
41 44 42 
47 44 42 
47 44 42 
20 17 16 
20 17 16 
34 22 18 
81 80 77 
81 80 77 
27 25 23 
27 25 23 
41 44 42 
43 46 44 
49 44 42 
30 29 28 
30 29 28 
30 29 28 
72 68 62 
72 68 62 
30 27 15 
30 15 13 
30 27 15 
57 54 53 
57 50 46 
28 24 23 
28 24 23 
28 23 15 
52 55 54 
59 55 54 
3 6 4 
10 6 4 
10 6 4 
17 21 20 
23 21 20 
39 37 33 
39 37 33 
57 51 49 
57 56 55 
61 64 63 
24 23 22 
24 23 22 
24 23 22 
33 26 23 
33 26 23 
51 54 53 
65 59 58 
69 59 58 
69 59 58 
114 113 108 
54 52 47 
54 52 47 
64 68 66 
73 68 66 
73 68 66 
35 24 17 
35 24 17 
51 42 39 
51 45 42 
138 134 132 
29 32 31 
44 41 39 
44 32 31 
54 36 28 
54 40 38 
22 21 20 
33 32 29 
37 32 29 
42 38 36 
42 38 36 
3 6 4 
15 6 4 
15 6 4 
15 14 13 
23 21 18 
44 39 33 
46 43 38 
44 33 29 
50 47 41 
56 60 58 
14 11 9 
14 11 9 
14 11 9 
91 94 93 
105 103 94 
1 3 2 
11 10 3 
11 10 3 
11 10 3 
32 30 25 
10 8 4 
10 8 4 
10 8 4 
41 40 39 
41 40 39 
42 37 34 
42 39 37 
42 39 37 
115 112 111 
115 112 111 
29 20 12 
50 52 51 
172 175 174 
184 175 174 
218 222 219 
26 30 29 
37 41 40 
47 41 40 
47 43 41 
94 83 82 
55 54 52 
55 54 52 
81 80 76 
81 80 76 
96 95 93 
72 74 73 
72 74 73 
81 77 74 
81 79 77 
87 82 80 
3 5 4 
11 10 5 
49 51 50 
74 69 66 
74 70 69 
16 20 18 
34 30 20 
46 43 40 
48 35 32 
100 89 87 
28 22 19 
28 25 22 
28 22 19 
44 41 37 
70 69 68 
13 15 14 
40 43 41 
50 46 43 
78 72 71 
84 88 86 
26 22 15 
26 22 15 
26 15 13 
39 32 29 
66 65 60 
6 5 4 
6 5 4 
56 53 49 
56 53 49 
56 53 49 
72 70 67 
72 70 67 
72 70 67 
97 99 98 
102 99 98 
13 10 4 
25 24 19 
25 24 19 
31 28 24 
40 44 43 
38 37 29 
38 29 24 
38 29 24 
47 40 33 
72 68 65 
15 11 7 
15 14 11 
102 96 94 
102 92 90 
151 154 153 
20 22 21 
25 22 21 
43 41 39 
46 36 34 
46 39 36 
78 77 75 
78 77 75 
78 77 75 
99 93 90 
142 145 144 
9 11 10 
14 11 10 
14 11 10 
43 41 40 
46 41 40 
2 6 5 
74 70 67 
78 75 70 
78 75 70 
78 75 70 
19 14 13 
19 13 11 
83 79 77 
96 99 98 
102 99 98 
8 7 6 
8 7 6 
8 7 6 
32 30 27 
86 85 84 
6 8 7 
6 8 7 
13 8 7 
33 27 25 
33 25 23 
8 12 11 
19 12 11 
24 23 22 
24 23 22 
24 23 22 
4 8 5 
16 8 5 
16 8 5 
39 36 28 
39 28 23 
17 7 5 
27 24 23 
32 24 23 
66 65 56 
66 65 56 
64 63 54 
89 93 92 
102 93 92 
136 138 137 
142 145 143 
27 30 28 
47 37 32 
47 32 30 
50 46 44 
66 70 68 
7 9 8 
47 51 49 
53 51 49 
53 51 49 
75 68 67 
7 6 2 
46 49 48 
56 52 49 
60 55 47 
60 55 47 
20 10 9 
20 14 10 
26 22 14 
33 32 29 
33 32 29 
41 17 12 
41 38 24 
64 68 66 
79 71 68 
79 76 71 
28 26 25 
28 25 24 
28 25 24 
41 45 44 
61 54 51 
22 26 25 
36 26 25 
36 30 26 
64 59 57 
64 59 57 
