2 
5 
8 
11 
11 
2 
5 
7 
10 
8 
2 
4 
8 
11 
11 
1 
5 
5 
11 
14 
4 
6 
6 
14 
14 
2 
5 
7 
8 
14 
1 
5 
4 
5 
16 
1 
5 
8 
11 
14 
2 
5 
7 
11 
11 
1 
5 
8 
5 
8 
1 
5 
5 
7 
13 
2 
1 
2 
8 
8 
1 
5 
5 
10 
14 
1 
5 
7 
7 
10 
2 
1 
8 
8 
14 
2 
2 
7 
10 
10 
2 
1 
2 
11 
13 
2 
2 
8 
8 
13 
1 
1 
2 
10 
10 
2 
4 
2 
8 
13 
1 
5 
8 
11 
11 
3 
3 
9 
9 
15 
1 
5 
4 
7 
14 
1 
1 
5 
5 
11 
1 
4 
4 
11 
14 
2 
2 
7 
10 
14 
2 
2 
4 
10 
13 
1 
5 
5 
8 
8 
1 
5 
7 
7 
11 
2 
2 
8 
5 
11 
1 
5 
8 
11 
13 
1 
5 
7 
11 
10 
2 
5 
8 
8 
14 
2 
2 
8 
8 
8 
1 
1 
7 
10 
14 
2 
4 
4 
7 
11 
1 
5 
5 
11 
14 
2 
5 
2 
7 
14 
2 
2 
7 
11 
14 
1 
1 
7 
11 
11 
2 
4 
7 
7 
13 
2 
5 
5 
7 
13 
2 
2 
2 
5 
14 
1 
1 
7 
11 
11 
2 
2 
2 
11 
14 
2 
5 
5 
11 
14 
1 
1 
8 
11 
11 
3 
3 
10 
10 
15 
1 
5 
5 
10 
13 
1 
1 
7 
10 
11 
2 
4 
8 
7 
8 
1 
1 
5 
5 
14 
1 
1 
7 
11 
11 
1 
4 
7 
11 
13 
1 
2 
8 
11 
10 
3 
3 
7 
10 
10 
1 
4 
8 
10 
13 
1 
4 
8 
10 
10 
1 
5 
4 
11 
10 
4 
7 
6 
9 
10 
2 
4 
4 
10 
10 
4 
7 
10 
13 
13 
2 
1 
5 
11 
13 
18 
20 
20 
23 
30 
1 
5 
4 
11 
14 
2 
1 
2 
11 
11 
2 
2 
7 
8 
8 
1 
5 
8 
10 
10 
2 
4 
4 
8 
14 
2 
4 
8 
11 
13 
2 
5 
5 
5 
13 
2 
2 
2 
8 
13 
2 
5 
5 
11 
10 
1 
5 
8 
7 
13 
2 
5 
8 
10 
14 
1 
4 
4 
8 
13 
1 
5 
2 
11 
11 
4 
4 
4 
10 
15 
1 
1 
7 
11 
13 
4 
4 
4 
13 
13 
4 
3 
6 
10 
15 
2 
5 
8 
11 
8 
2 
5 
8 
8 
14 
1 
1 
7 
7 
16 
2 
5 
4 
10 
13 
1 
4 
4 
11 
13 
1 
5 
7 
10 
10 
2 
4 
5 
5 
10 
2 
2 
5 
11 
11 
1 
1 
8 
8 
13 
2 
2 
7 
10 
11 
2 
2 
7 
10 
13 
2 
5 
8 
11 
14 
1 
5 
5 
11 
11 
3 
4 
4 
12 
15 
2 
2 
8 
8 
14 
1 
1 
7 
7 
10 
1 
4 
7 
7 
8 
1 
1 
2 
8 
8 
1 
5 
7 
7 
14 
2 
5 
8 
8 
8 
2 
5 
8 
8 
8 
4 
4 
9 
12 
12 
2 
5 
8 
11 
13 
2 
2 
7 
7 
8 
2 
4 
4 
11 
13 
1 
5 
7 
10 
14 
2 
4 
8 
8 
8 
2 
5 
8 
8 
8 
2 
5 
8 
8 
13 
2 
4 
4 
10 
10 
2 
4 
7 
7 
13 
2 
2 
7 
8 
8 
1 
1 
4 
7 
10 
1 
2 
2 
10 
10 
2 
5 
7 
7 
10 
2 
5 
7 
5 
10 
2 
5 
4 
11 
14 
2 
5 
8 
10 
13 
1 
4 
7 
11 
11 
1 
5 
5 
8 
8 
2 
5 
7 
10 
11 
2 
5 
5 
11 
10 
1 
2 
2 
11 
14 
2 
2 
7 
11 
11 
5 
9 
9 
12 
18 
2 
4 
7 
7 
14 
2 
1 
8 
10 
13 
2 
4 
8 
8 
14 
1 
5 
5 
5 
14 
3 
6 
4 
13 
16 
2 
4 
4 
7 
13 
2 
2 
7 
5 
14 
1 
1 
5 
8 
14 
2 
5 
5 
10 
10 
1 
1 
7 
7 
11 
1 
1 
8 
8 
13 
2 
2 
7 
7 
13 
2 
2 
7 
11 
8 
2 
4 
4 
11 
10 
2 
5 
5 
11 
11 
3 
7 
6 
13 
13 
2 
4 
8 
10 
10 
1 
2 
4 
10 
10 
2 
4 
4 
11 
14 
1 
5 
7 
10 
14 
1 
5 
7 
7 
11 
1 
5 
2 
7 
14 
1 
5 
7 
5 
14 
1 
1 
8 
10 
13 
1 
5 
7 
10 
10 
4 
6 
10 
13 
13 
2 
2 
7 
8 
11 
2 
2 
2 
5 
16 
1 
4 
7 
10 
11 
2 
2 
5 
7 
13 
1 
4 
4 
10 
14 
1 
4 
8 
8 
14 
2 
1 
2 
11 
8 
4 
4 
10 
13 
12 
1 
5 
7 
11 
11 
4 
6 
7 
12 
15 
1 
4 
7 
10 
14 
2 
5 
5 
11 
14 
1 
5 
8 
8 
8 
1 
4 
8 
11 
11 
1 
4 
4 
8 
13 
2 
5 
4 
10 
14 
1 
4 
8 
8 
14 
1 
1 
5 
5 
13 
2 
4 
4 
11 
8 
1 
2 
8 
8 
13 
2 
4 
4 
10 
11 
3 
7 
9 
13 
10 
1 
5 
2 
7 
14 
1 
4 
7 
11 
11 
1 
4 
8 
8 
14 
1 
5 
8 
8 
11 
2 
4 
7 
8 
14 
1 
1 
7 
5 
10 
2 
5 
7 
8 
14 
2 
1 
4 
11 
11 
1 
5 
8 
10 
14 
1 
2 
2 
11 
14 
1 
4 
7 
10 
14 
4 
7 
10 
12 
13 
4 
7 
9 
12 
16 
1 
4 
4 
10 
13 
1 
4 
8 
7 
13 
1 
4 
8 
11 
14 
1 
4 
8 
5 
11 
1 
5 
5 
8 
10 
1 
5 
5 
5 
8 
2 
5 
7 
7 
8 
2 
5 
8 
5 
14 
1 
1 
8 
5 
14 
1 
5 
8 
8 
13 
2 
2 
5 
10 
10 
2 
2 
2 
7 
13 
1 
1 
4 
10 
13 
