4 
6 
6 
21 
21 
12 
12 
12 
21 
21 
4 
7 
9 
9 
26 
17 
17 
23 
27 
29 
3 
3 
25 
25 
34 
2 
2 
2 
19 
21 
25 
25 
34 
37 
39 
4 
7 
10 
10 
10 
7 
7 
33 
37 
37 
10 
12 
12 
25 
28 
16 
18 
18 
25 
27 
24 
26 
30 
30 
30 
7 
11 
14 
16 
20 
20 
22 
22 
33 
36 
15 
15 
32 
35 
38 
9 
9 
13 
13 
21 
4 
7 
7 
13 
16 
13 
16 
20 
22 
22 
33 
33 
40 
43 
46 
24 
27 
27 
27 
35 
15 
19 
22 
25 
28 
18 
20 
20 
27 
27 
16 
19 
22 
25 
28 
6 
9 
12 
15 
15 
14 
16 
16 
23 
23 
6 
9 
9 
9 
18 
11 
11 
22 
25 
27 
52 
55 
58 
58 
58 
22 
24 
24 
55 
57 
6 
9 
11 
11 
15 
34 
37 
39 
43 
43 
14 
14 
14 
24 
24 
29 
29 
44 
46 
46 
3 
6 
6 
12 
15 
4 
7 
7 
12 
15 
30 
30 
36 
38 
41 
8 
8 
8 
21 
21 
6 
8 
12 
12 
17 
10 
10 
10 
19 
21 
16 
16 
16 
33 
35 
4 
7 
9 
9 
15 
4 
4 
4 
17 
19 
16 
19 
21 
21 
38 
7 
7 
22 
22 
27 
20 
20 
20 
37 
39 
56 
58 
62 
62 
62 
6 
6 
12 
14 
14 
20 
23 
23 
23 
31 
2 
2 
8 
10 
10 
4 
4 
4 
25 
27 
10 
12 
12 
23 
23 
7 
7 
16 
19 
19 
16 
18 
18 
25 
28 
6 
8 
8 
12 
18 
18 
21 
21 
27 
30 
3 
3 
32 
32 
32 
15 
15 
18 
25 
25 
16 
18 
18 
24 
24 
18 
18 
18 
38 
38 
30 
30 
30 
45 
48 
10 
10 
15 
19 
19 
17 
21 
24 
26 
30 
8 
10 
10 
17 
17 
10 
10 
10 
23 
25 
27 
27 
58 
58 
58 
2 
4 
4 
10 
14 
24 
27 
30 
32 
32 
5 
5 
20 
22 
26 
19 
23 
26 
29 
31 
16 
19 
19 
19 
29 
4 
7 
4 
13 
13 
34 
34 
34 
47 
47 
93 
93 
100 
103 
105 
8 
8 
14 
14 
14 
5 
5 
40 
40 
40 
8 
8 
8 
17 
19 
32 
34 
38 
40 
40 
8 
10 
14 
16 
16 
4 
7 
7 
13 
16 
28 
31 
31 
31 
64 
8 
8 
8 
17 
20 
6 
8 
8 
35 
38 
10 
10 
10 
16 
16 
6 
6 
6 
33 
35 
6 
6 
6 
15 
18 
5 
5 
11 
11 
17 
22 
22 
28 
28 
28 
4 
7 
10 
10 
15 
8 
10 
10 
17 
20 
9 
13 
15 
19 
22 
26 
26 
31 
31 
38 
6 
6 
11 
11 
17 
18 
21 
24 
24 
24 
17 
21 
21 
21 
30 
25 
25 
32 
32 
32 
10 
12 
12 
33 
35 
16 
18 
21 
24 
28 
18 
20 
24 
26 
26 
3 
7 
10 
13 
13 
8 
11 
13 
13 
20 
12 
12 
12 
20 
23 
10 
13 
13 
13 
25 
7 
7 
13 
17 
20 
2 
2 
8 
8 
8 
2 
5 
7 
7 
22 
3 
6 
10 
12 
15 
4 
6 
9 
13 
13 
4 
7 
7 
12 
12 
14 
17 
17 
17 
25 
10 
12 
16 
16 
22 
8 
10 
14 
16 
16 
10 
12 
16 
18 
22 
7 
7 
15 
15 
23 
12 
14 
14 
21 
21 
32 
35 
35 
35 
82 
26 
26 
32 
32 
32 
24 
26 
30 
30 
30 
9 
9 
28 
31 
34 
8 
8 
14 
17 
17 
42 
42 
42 
55 
58 
12 
15 
18 
18 
23 
4 
4 
9 
9 
21 
6 
6 
6 
31 
31 
12 
12 
12 
21 
23 
2 
4 
7 
7 
18 
9 
13 
13 
18 
22 
27 
30 
33 
33 
44 
6 
9 
9 
15 
15 
2 
5 
7 
11 
11 
15 
15 
22 
25 
28 
38 
41 
44 
46 
46 
12 
14 
14 
33 
35 
26 
26 
26 
35 
35 
2 
5 
7 
11 
11 
42 
42 
42 
63 
66 
4 
4 
4 
13 
15 
12 
12 
12 
35 
35 
24 
26 
26 
36 
39 
10 
10 
16 
16 
16 
2 
2 
2 
21 
24 
8 
8 
8 
22 
22 
2 
2 
2 
15 
15 
6 
9 
9 
9 
31 
4 
7 
9 
9 
18 
8 
8 
8 
17 
17 
12 
15 
18 
21 
24 
15 
15 
22 
24 
24 
6 
8 
12 
12 
12 
14 
17 
17 
17 
28 
16 
18 
18 
30 
30 
8 
11 
11 
17 
20 
7 
7 
14 
14 
20 
16 
19 
22 
25 
28 
2 
5 
8 
11 
14 
45 
49 
51 
55 
55 
4 
4 
4 
27 
30 
6 
9 
12 
12 
12 
12 
12 
12 
24 
24 
14 
17 
20 
20 
20 
10 
10 
10 
19 
19 
9 
9 
16 
16 
22 
6 
8 
8 
15 
18 
10 
13 
15 
15 
32 
16 
19 
19 
24 
27 
28 
31 
31 
31 
44 
4 
4 
4 
24 
24 
8 
8 
8 
19 
21 
30 
33 
33 
33 
50 
9 
9 
20 
23 
26 
15 
15 
36 
36 
42 
24 
24 
30 
33 
36 
18 
18 
18 
28 
28 
2 
5 
5 
5 
13 
12 
12 
18 
18 
23 
8 
11 
11 
11 
24 
8 
8 
8 
20 
20 
5 
9 
9 
9 
18 
4 
4 
4 
25 
28 
4 
7 
10 
10 
10 
18 
20 
20 
29 
31 
4 
7 
10 
12 
12 
30 
33 
36 
39 
42 
6 
8 
12 
15 
18 
8 
11 
11 
11 
19 
14 
16 
16 
29 
29 
7 
11 
14 
14 
14 
6 
6 
6 
29 
31 
8 
8 
14 
14 
14 
65 
65 
82 
82 
88 
8 
11 
13 
17 
17 
18 
20 
20 
43 
45 
6 
8 
8 
27 
30 
6 
9 
9 
9 
22 
10 
12 
12 
21 
23 
10 
12 
15 
15 
24 
6 
9 
9 
9 
22 
9 
12 
12 
20 
24 
6 
8 
11 
11 
18 
14 
14 
20 
22 
25 
2 
2 
2 
26 
26 
