3 6 
12 6 
15 17 
21 10 
29 28 
9 3 
13 6 
13 6 
13 6 
21 2 
6 1 
6 1 
12 5 
15 14 
18 20 
4 3 
6 9 
15 9 
15 9 
22 21 
2 6 
12 4 
12 4 
15 6 
23 24 
13 1 
20 1 
20 1 
31 24 
30 34 
12 16 
18 16 
28 29 
30 33 
35 32 
3 4 
2 7 
12 11 
12 11 
12 11 
5 2 
5 2 
16 18 
16 18 
24 23 
1 3 
6 7 
6 7 
12 9 
13 7 
4 2 
21 19 
21 19 
27 26 
29 9 
6 8 
6 8 
14 8 
14 8 
22 10 
5 2 
5 2 
12 9 
14 16 
20 16 
10 7 
10 7 
10 7 
20 21 
24 21 
8 6 
20 6 
23 26 
34 28 
34 28 
5 1 
5 1 
12 1 
12 1 
12 1 
9 6 
9 6 
20 6 
20 6 
20 6 
1 3 
6 3 
6 3 
14 15 
14 15 
9 12 
15 5 
15 5 
17 12 
20 24 
4 1 
9 10 
13 10 
13 10 
25 28 
1 3 
7 3 
7 3 
7 3 
13 16 
10 8 
10 8 
10 8 
18 19 
18 19 
15 12 
18 19 
18 19 
34 32 
35 37 
4 8 
11 8 
17 8 
17 8 
34 33 
3 4 
7 6 
10 4 
16 6 
16 6 
1 2 
5 9 
14 13 
14 13 
16 6 
1 3 
13 11 
13 11 
18 7 
18 7 
3 4 
3 4 
9 4 
9 4 
23 17 
1 2 
5 2 
5 2 
5 2 
18 15 
12 10 
12 10 
12 10 
21 23 
26 8 
4 3 
4 3 
4 3 
16 19 
21 19 
7 8 
7 8 
19 11 
22 23 
22 23 
4 5 
4 5 
12 11 
18 8 
18 8 
15 17 
20 17 
24 25 
24 29 
37 35 
8 2 
8 2 
8 2 
17 7 
17 7 
4 3 
4 3 
4 3 
14 15 
17 15 
9 3 
16 19 
22 19 
24 26 
30 26 
2 3 
2 7 
17 7 
17 7 
27 16 
4 1 
6 9 
7 8 
14 8 
14 8 
15 10 
15 10 
19 21 
25 21 
27 21 
8 3 
8 3 
14 11 
14 11 
14 11 
12 11 
12 11 
18 9 
18 9 
18 9 
17 18 
17 18 
24 23 
24 23 
24 23 
9 3 
9 3 
22 24 
22 24 
32 3 
16 10 
16 10 
16 10 
31 22 
31 22 
3 4 
3 7 
14 17 
21 18 
23 20 
9 4 
13 4 
13 4 
16 19 
16 19 
3 1 
4 7 
4 7 
15 7 
20 14 
16 11 
16 11 
16 11 
27 29 
27 32 
12 8 
11 14 
21 14 
21 14 
28 14 
11 14 
19 14 
19 14 
24 18 
24 18 
4 8 
7 11 
16 10 
18 20 
19 23 
6 10 
12 10 
18 17 
18 17 
18 17 
8 2 
8 2 
14 10 
14 10 
21 10 
8 3 
8 3 
8 3 
14 19 
23 19 
10 12 
10 12 
18 22 
24 12 
24 12 
22 19 
24 18 
22 19 
36 27 
36 27 
21 16 
25 16 
36 22 
42 22 
42 22 
1 2 
4 5 
4 7 
11 12 
16 12 
7 10 
12 5 
12 5 
22 19 
22 19 
7 8 
7 8 
11 5 
11 5 
17 19 
3 1 
7 9 
12 11 
12 11 
18 11 
8 3 
14 3 
18 3 
18 3 
18 3 
10 8 
9 13 
15 4 
18 8 
18 8 
4 6 
9 1 
16 13 
20 18 
20 18 
10 5 
10 5 
10 5 
23 22 
23 22 
2 4 
7 4 
7 4 
7 4 
15 16 
2 5 
11 8 
14 5 
20 5 
23 24 
4 2 
9 2 
9 2 
9 2 
18 2 
16 11 
19 23 
26 22 
33 32 
33 32 
5 1 
13 1 
19 1 
19 1 
23 28 
12 15 
18 13 
18 13 
19 15 
22 27 
14 6 
14 6 
20 22 
24 22 
24 22 
6 2 
6 2 
19 14 
19 14 
25 17 
5 6 
5 6 
12 14 
16 9 
16 9 
9 12 
10 14 
19 14 
19 14 
26 22 
8 9 
13 9 
13 9 
13 9 
30 22 
18 16 
20 21 
20 21 
29 27 
32 27 
6 8 
11 8 
13 7 
13 7 
20 8 
2 3 
7 10 
14 10 
14 10 
22 19 
5 6 
5 6 
8 12 
17 12 
17 12 
14 13 
14 13 
14 13 
27 31 
34 33 
3 6 
4 6 
22 17 
22 17 
22 17 
8 7 
8 7 
13 7 
16 17 
20 17 
5 6 
9 8 
9 8 
12 6 
17 18 
2 4 
7 6 
7 6 
17 16 
17 16 
15 16 
19 18 
19 18 
25 11 
25 11 
14 15 
14 19 
22 19 
22 19 
29 27 
1 4 
12 4 
12 4 
23 16 
23 16 
13 15 
31 29 
31 29 
34 29 
39 40 
1 2 
5 2 
5 2 
11 2 
18 2 
6 2 
6 2 
6 2 
23 19 
23 19 
6 8 
6 11 
18 7 
21 13 
21 13 
12 10 
12 10 
12 10 
24 17 
24 17 
12 6 
12 6 
12 6 
25 24 
28 24 
1 3 
7 3 
7 3 
7 3 
13 9 
9 12 
18 14 
21 24 
29 24 
31 24 
5 7 
12 11 
15 7 
15 7 
24 19 
5 7 
8 7 
14 7 
14 7 
14 7 
3 5 
15 9 
15 9 
15 9 
21 9 
5 1 
8 9 
11 12 
11 12 
15 12 
4 1 
4 1 
4 1 
22 17 
22 17 
3 4 
7 6 
7 6 
7 6 
15 2 
11 3 
11 3 
22 21 
22 21 
22 21 
2 4 
2 4 
6 3 
14 4 
18 3 
16 18 
16 20 
24 23 
26 27 
26 27 
7 5 
14 8 
14 8 
21 22 
21 22 
7 8 
7 8 
13 8 
13 8 
24 17 
6 8 
7 10 
11 8 
13 10 
30 17 
8 1 
13 11 
18 5 
20 23 
27 25 
10 2 
10 2 
15 16 
19 4 
32 24 
18 14 
18 14 
24 23 
24 23 
30 14 
10 6 
12 13 
16 13 
24 4 
24 4 
10 6 
10 6 
10 6 
21 9 
27 9 
5 1 
13 8 
13 8 
13 8 
21 19 
11 6 
11 6 
15 5 
18 20 
18 20 
19 10 
19 10 
25 26 
25 26 
31 33 
10 2 
10 2 
10 2 
20 2 
20 2 
17 18 
21 18 
24 26 
28 26 
31 32 
2 4 
7 4 
11 4 
11 4 
30 27 
10 11 
10 11 
21 20 
21 20 
27 25 
4 2 
10 11 
10 11 
17 11 
32 26 
8 6 
15 2 
18 22 
27 6 
30 20 
2 5 
8 5 
8 5 
18 20 
21 24 
4 8 
14 8 
19 8 
19 8 
30 15 
44 46 
44 46 
51 46 
54 56 
55 56 
4 5 
8 9 
12 5 
12 5 
17 14 
5 2 
5 2 
14 9 
14 9 
14 9 
12 11 
17 3 
17 3 
17 3 
28 16 
2 4 
2 4 
10 4 
12 13 
15 13 
19 7 
27 26 
27 26 
27 26 
37 36 
1 2 
5 2 
5 2 
5 2 
16 20 
7 8 
11 10 
11 10 
11 10 
20 13 
2 5 
11 5 
18 22 
24 22 
24 22 
10 11 
10 15 
19 18 
23 24 
23 24 
5 6 
9 8 
9 8 
11 1 
22 18 
6 3 
6 3 
6 3 
16 8 
16 8 
12 11 
12 11 
22 23 
22 23 
33 23 
8 3 
8 3 
8 3 
14 16 
14 16 
4 5 
4 5 
8 11 
26 24 
30 27 
15 16 
15 19 
22 19 
22 19 
22 19 
6 7 
10 7 
10 7 
17 7 
17 7 
5 7 
11 10 
11 10 
11 10 
20 16 
13 9 
17 9 
17 9 
17 9 
23 25 
6 7 
6 10 
20 16 
20 16 
39 36 
8 4 
11 12 
11 12 
18 13 
18 13 
1 4 
7 4 
10 9 
10 9 
15 13 
4 5 
4 5 
14 6 
14 6 
22 6 
5 8 
10 8 
10 8 
21 11 
21 11 
5 3 
5 3 
16 17 
23 17 
23 17 
6 5 
6 5 
6 5 
18 21 
25 23 
4 5 
4 5 
8 3 
21 19 
21 19 
5 3 
5 3 
11 14 
19 17 
19 17 
10 9 
10 9 
16 15 
16 15 
24 23 
12 11 
19 8 
21 17 
25 27 
30 16 
4 6 
4 6 
12 6 
12 6 
24 20 
10 11 
10 11 
15 6 
20 11 
20 11 
3 4 
3 4 
13 9 
16 17 
16 17 
3 4 
3 6 
9 10 
13 6 
15 10 
11 12 
11 12 
17 12 
17 12 
30 32 
7 8 
7 11 
20 18 
20 18 
26 28 
4 6 
4 8 
12 8 
20 14 
20 14 
4 1 
4 1 
4 1 
10 6 
15 16 
16 19 
23 22 
25 22 
32 22 
36 33 
1 3 
7 3 
9 3 
9 3 
18 20 
5 2 
5 2 
22 18 
22 18 
22 18 
13 10 
13 10 
22 10 
25 10 
22 10 
27 30 
39 36 
38 36 
47 36 
49 36 
4 7 
10 7 
11 7 
16 17 
16 19 
4 5 
9 5 
9 5 
14 12 
14 12 
3 4 
7 2 
7 2 
7 2 
17 15 
2 3 
2 3 
14 3 
14 3 
14 3 
12 6 
12 6 
12 6 
24 25 
24 25 
25 28 
32 30 
32 30 
47 42 
47 42 
13 1 
18 1 
18 1 
21 1 
30 22 
10 6 
15 2 
15 2 
15 2 
26 27 
8 12 
15 14 
18 14 
22 14 
25 26 
6 1 
8 1 
6 1 
28 21 
28 21 
5 6 
5 6 
12 6 
12 6 
12 6 
17 18 
17 18 
25 21 
25 21 
32 23 
14 13 
22 9 
25 12 
25 12 
33 23 
31 33 
40 38 
40 38 
49 43 
49 43 
6 5 
8 9 
8 9 
17 19 
17 19 
6 8 
10 11 
14 11 
18 8 
18 8 
9 10 
9 13 
15 3 
15 3 
22 12 
3 1 
3 1 
9 10 
12 10 
12 10 
7 8 
10 1 
14 1 
14 1 
20 8 
6 3 
6 3 
6 3 
11 15 
19 18 
11 12 
15 12 
15 12 
20 10 
21 23 
6 8 
11 8 
16 15 
16 15 
21 22 
2 6 
9 6 
8 6 
14 6 
14 6 
8 7 
12 7 
15 16 
15 16 
19 21 
15 13 
15 13 
21 13 
25 16 
25 16 
16 18 
20 6 
20 6 
32 29 
35 33 
9 12 
15 12 
15 12 
15 12 
26 23 
9 10 
9 10 
22 10 
22 10 
28 10 
5 2 
5 2 
24 25 
28 25 
28 25 
5 6 
4 9 
12 9 
12 9 
12 9 
4 3 
6 8 
12 14 
16 14 
20 14 
8 2 
8 2 
20 11 
20 11 
20 11 
