27 133 134 71 135 20 47 25 20 41 
27 133 134 71 135 20 47 25 20 44 
27 133 134 71 135 20 41 25 20 26 
27 133 134 71 135 20 26 25 20 47 
27 133 134 71 135 20 26 25 20 47 
27 133 134 71 135 20 26 25 20 41 
27 133 134 71 135 20 41 25 20 45 
27 133 134 71 135 20 44 25 20 47 
27 133 134 71 135 20 44 25 20 26 
27 133 134 71 135 20 44 25 20 26 
27 133 134 71 135 20 26 25 20 41 
27 133 134 71 135 20 47 25 20 35 
27 133 134 71 135 20 35 25 20 47 
27 133 134 71 135 20 44 25 20 45 
27 133 134 71 135 20 47 25 20 41 
27 133 134 71 135 20 26 25 20 45 
27 133 134 71 135 20 44 25 20 41 
27 133 134 71 135 20 26 25 20 47 
27 133 134 71 135 20 41 25 20 44 
27 133 134 71 135 20 26 25 20 47 
27 133 134 71 135 20 45 25 20 26 
27 133 134 71 135 20 26 25 20 35 
27 133 134 71 135 20 47 25 20 44 
27 133 134 71 135 20 41 25 20 35 
27 133 134 71 135 20 35 25 20 45 
27 133 134 71 135 20 45 25 20 41 
27 133 134 71 135 20 44 25 20 47 
27 133 134 71 135 20 41 25 20 45 
27 133 134 71 135 20 44 25 20 41 
27 133 134 71 135 20 45 25 20 47 
27 133 134 71 135 20 44 25 20 41 
27 133 134 71 135 20 26 25 20 47 
27 133 134 71 135 20 47 25 20 44 
27 133 134 71 135 20 35 25 20 41 
27 133 134 71 135 20 35 25 20 26 
27 133 134 71 135 20 35 25 20 45 
27 133 134 71 135 20 35 25 20 47 
27 133 134 71 135 20 26 25 20 44 
27 133 134 71 135 20 41 25 20 45 
27 133 134 71 135 20 26 25 20 44 
27 133 134 71 135 20 35 25 20 41 
27 133 134 71 135 20 44 25 20 35 
27 133 134 71 135 20 35 25 20 41 
27 133 134 71 135 20 41 25 20 44 
27 133 134 71 135 20 45 25 20 44 
27 133 134 71 135 20 44 25 20 41 
27 133 134 71 135 20 45 25 20 26 
27 133 134 71 135 20 45 25 20 35 
27 133 134 71 135 20 45 25 20 47 
27 133 134 71 135 20 26 25 20 45 
27 133 134 71 135 20 47 25 20 26 
27 133 134 71 135 20 45 25 20 47 
27 133 134 71 135 20 44 25 20 35 
27 133 134 71 135 20 26 25 20 45 
27 133 134 71 135 20 45 25 20 44 
27 133 134 71 135 20 47 25 20 35 
27 133 134 71 135 20 41 25 20 35 
27 133 134 71 135 20 41 25 20 26 
27 133 134 71 135 20 35 25 20 41 
27 133 134 71 135 20 45 25 20 47 
27 133 134 71 135 20 35 25 20 26 
27 133 134 71 135 20 44 25 20 45 
27 133 134 71 135 20 44 25 20 35 
27 133 134 71 135 20 44 25 20 26 
27 133 134 71 135 20 35 25 20 26 
27 133 134 71 135 20 41 25 20 45 
27 133 134 71 135 20 45 25 20 35 
27 133 134 71 135 20 45 25 20 47 
27 133 134 71 135 20 35 25 20 26 
27 133 134 71 135 20 35 25 20 44 
27 133 134 71 135 20 41 25 20 35 
27 133 134 71 135 20 47 25 20 41 
27 133 134 71 135 20 45 25 20 44 
27 133 134 71 135 20 35 25 20 47 
27 133 134 71 135 20 35 25 20 26 
27 133 134 71 135 20 45 25 20 26 
27 133 134 71 135 20 35 25 20 45 
27 133 134 71 135 20 41 25 20 47 
27 133 134 71 135 20 35 25 20 47 
27 133 134 71 135 20 35 25 20 26 
27 133 134 71 135 20 41 25 20 44 
27 133 134 71 135 20 44 25 20 26 
27 133 134 71 135 20 41 25 20 44 
27 133 134 71 135 20 26 25 20 35 
27 133 134 71 135 20 35 25 20 26 
27 133 134 71 135 20 44 25 20 26 
27 133 134 71 135 20 41 25 20 45 
27 133 134 71 135 20 45 25 20 44 
27 133 134 71 135 20 26 25 20 44 
27 133 134 71 135 20 45 25 20 44 
27 133 134 71 135 20 35 25 20 26 
27 133 134 71 135 20 47 25 20 35 
27 133 134 71 135 20 47 25 20 41 
27 133 134 71 135 20 45 25 20 41 
27 133 134 71 135 20 44 25 20 45 
27 133 134 71 135 20 26 25 20 44 
27 133 134 71 135 20 47 25 20 44 
27 133 134 71 135 20 44 25 20 26 
27 133 134 71 135 20 41 25 20 45 
27 133 134 71 135 20 35 25 20 47 
27 133 134 71 135 20 41 25 20 45 
27 133 134 71 135 20 41 25 20 44 
27 133 134 71 135 20 26 25 20 45 
27 133 134 71 135 20 41 25 20 44 
27 133 134 71 135 20 41 25 20 47 
27 133 134 71 135 20 26 25 20 45 
27 133 134 71 135 20 44 25 20 47 
27 133 134 71 135 20 41 25 20 26 
27 133 134 71 135 20 35 25 20 26 
27 133 134 71 135 20 35 25 20 41 
27 133 134 71 135 20 45 25 20 41 
27 133 134 71 135 20 35 25 20 41 
27 133 134 71 135 20 44 25 20 45 
27 133 134 71 135 20 26 25 20 45 
27 133 134 71 135 20 35 25 20 26 
27 133 134 71 135 20 41 25 20 47 
27 133 134 71 135 20 41 25 20 35 
27 133 134 71 135 20 26 25 20 45 
27 133 134 71 135 20 44 25 20 45 
27 133 134 71 135 20 26 25 20 41 
27 133 134 71 135 20 41 25 20 35 
27 133 134 71 135 20 41 25 20 45 
27 133 134 71 135 20 35 25 20 47 
27 133 134 71 135 20 47 25 20 26 
27 133 134 71 135 20 26 25 20 41 
27 133 134 71 135 20 35 25 20 26 
27 133 134 71 135 20 26 25 20 41 
27 133 134 71 135 20 41 25 20 44 
27 133 134 71 135 20 35 25 20 45 
27 133 134 71 135 20 47 25 20 41 
27 133 134 71 135 20 41 25 20 47 
27 133 134 71 135 20 41 25 20 26 
27 133 134 71 135 20 47 25 20 41 
27 133 134 71 135 20 41 25 20 26 
27 133 134 71 135 20 45 25 20 47 
27 133 134 71 135 20 47 25 20 26 
27 133 134 71 135 20 45 25 20 47 
27 133 134 71 135 20 35 25 20 26 
27 133 134 71 135 20 35 25 20 26 
27 133 134 71 135 20 44 25 20 35 
27 133 134 71 135 20 35 25 20 44 
27 133 134 71 135 20 41 25 20 44 
27 133 134 71 135 20 47 25 20 44 
27 133 134 71 135 20 41 25 20 45 
27 133 134 71 135 20 35 25 20 47 
27 133 134 71 135 20 41 25 20 26 
27 133 134 71 135 20 35 25 20 45 
27 133 134 71 135 20 41 25 20 26 
27 133 134 71 135 20 47 25 20 35 
27 133 134 71 135 20 26 25 20 41 
27 133 134 71 135 20 47 25 20 35 
27 133 134 71 135 20 41 25 20 44 
27 133 134 71 135 20 45 25 20 47 
27 133 134 71 135 20 41 25 20 35 
27 133 134 71 135 20 26 25 20 35 
27 133 134 71 135 20 45 25 20 35 
27 133 134 71 135 20 47 25 20 35 
27 133 134 71 135 20 45 25 20 41 
27 133 134 71 135 20 44 25 20 45 
27 133 134 71 135 20 45 25 20 26 
27 133 134 71 135 20 45 25 20 41 
27 133 134 71 135 20 44 25 20 45 
27 133 134 71 135 20 26 25 20 47 
27 133 134 71 135 20 45 25 20 47 
27 133 134 71 135 20 41 25 20 47 
27 133 134 71 135 20 26 25 20 45 
27 133 134 71 135 20 35 25 20 44 
27 133 134 71 135 20 41 25 20 26 
27 133 134 71 135 20 47 25 20 26 
27 133 134 71 135 20 35 25 20 44 
27 133 134 71 135 20 47 25 20 35 
27 133 134 71 135 20 35 25 20 47 
27 133 134 71 135 20 47 25 20 45 
27 133 134 71 135 20 26 25 20 44 
27 133 134 71 135 20 35 25 20 45 
27 133 134 71 135 20 35 25 20 26 
27 133 134 71 135 20 47 25 20 45 
27 133 134 71 135 20 44 25 20 47 
27 133 134 71 135 20 45 25 20 47 
27 133 134 71 135 20 45 25 20 47 
27 133 134 71 135 20 45 25 20 35 
27 133 134 71 135 20 26 25 20 44 
27 133 134 71 135 20 47 25 20 44 
27 133 134 71 135 20 41 25 20 35 
27 133 134 71 135 20 45 25 20 26 
27 133 134 71 135 20 35 25 20 44 
27 133 134 71 135 20 35 25 20 45 
27 133 134 71 135 20 35 25 20 41 
27 133 134 71 135 20 35 25 20 44 
27 133 134 71 135 20 44 25 20 41 
27 133 134 71 135 20 26 25 20 44 
27 133 134 71 135 20 47 25 20 44 
27 133 134 71 135 20 41 25 20 35 
27 133 134 71 135 20 47 25 20 45 
27 133 134 71 135 20 44 25 20 41 
27 133 134 71 135 20 26 25 20 47 
27 133 134 71 135 20 35 25 20 41 
27 133 134 71 135 20 35 25 20 47 
27 133 134 71 135 20 35 25 20 44 
27 133 134 71 135 20 41 25 20 47 
27 133 134 71 135 20 35 25 20 41 
27 133 134 71 135 20 35 25 20 47 
27 133 134 71 135 20 47 25 20 26 
27 133 134 71 135 20 44 25 20 45 
27 133 134 71 135 20 44 25 20 26 
27 133 134 71 135 20 26 25 20 45 
27 133 134 71 135 20 41 25 20 45 
27 133 134 71 135 20 41 25 20 26 
27 133 134 71 135 20 26 25 20 41 
27 133 134 71 135 20 47 25 20 44 
27 133 134 71 135 20 35 25 20 44 
27 133 134 71 135 20 26 25 20 44 
27 133 134 71 135 20 45 25 20 26 
27 133 134 71 135 20 44 25 20 35 
27 133 134 71 135 20 47 25 20 41 
27 133 134 71 135 20 45 25 20 35 
27 133 134 71 135 20 26 25 20 45 
27 133 134 71 135 20 44 25 20 26 
27 133 134 71 135 20 47 25 20 45 
27 133 134 71 135 20 44 25 20 41 
27 133 134 71 135 20 47 25 20 26 
27 133 134 71 135 20 41 25 20 44 
27 133 134 71 135 20 41 25 20 47 
27 133 134 71 135 20 45 25 20 47 
27 133 134 71 135 20 44 25 20 35 
27 133 134 71 135 20 41 25 20 44 
27 133 134 71 135 20 35 25 20 45 
27 133 134 71 135 20 47 25 20 44 
27 133 134 71 135 20 41 25 20 45 
27 133 134 71 135 20 44 25 20 35 
27 133 134 71 135 20 35 25 20 26 
27 133 134 71 135 20 47 25 20 44 
27 133 134 71 135 20 35 25 20 26 
27 133 134 71 135 20 47 25 20 45 
27 133 134 71 135 20 44 25 20 47 
27 133 134 71 135 20 45 25 20 44 
27 133 134 71 135 20 44 25 20 45 
27 133 134 71 135 20 45 25 20 35 
27 133 134 71 135 20 35 25 20 44 
27 133 134 71 135 20 44 25 20 45 
27 133 134 71 135 20 26 25 20 45 
27 133 134 71 135 20 41 25 20 45 
27 133 134 71 135 20 41 25 20 26 
27 133 134 71 135 20 35 25 20 47 
27 133 134 71 135 20 47 25 20 44 
27 133 134 71 135 20 47 25 20 45 
27 133 134 71 135 20 45 25 20 47 
27 133 134 71 135 20 45 25 20 44 
27 133 134 71 135 20 41 25 20 35 
27 133 134 71 135 20 44 25 20 45 
27 133 134 71 135 20 47 25 20 26 
27 133 134 71 135 20 26 25 20 45 
27 133 134 71 135 20 47 25 20 35 
27 133 134 71 135 20 47 25 20 45 
27 133 134 71 135 20 45 25 20 35 
27 133 134 71 135 20 47 25 20 35 
27 133 134 71 135 20 45 25 20 47 
27 133 134 71 135 20 41 25 20 35 
27 133 134 71 135 20 47 25 20 26 
27 133 134 71 135 20 41 25 20 47 
27 133 134 71 135 20 26 25 20 35 
27 133 134 71 135 20 45 25 20 44 
27 133 134 71 135 20 44 25 20 41 
27 133 134 71 135 20 47 25 20 45 
27 133 134 71 135 20 45 25 20 26 
27 133 134 71 135 20 44 25 20 26 
27 133 134 71 135 20 45 25 20 35 
27 133 134 71 135 20 45 25 20 26 
27 133 134 71 135 20 47 25 20 35 
27 133 134 71 135 20 45 25 20 47 
27 133 134 71 135 20 44 25 20 35 
27 133 134 71 135 20 45 25 20 35 
27 133 134 71 135 20 45 25 20 47 
27 133 134 71 135 20 26 25 20 47 
27 133 134 71 135 20 44 25 20 26 
27 133 134 71 135 20 41 25 20 47 
27 133 134 71 135 20 41 25 20 35 
27 133 134 71 135 20 26 25 20 47 
27 133 134 71 135 20 41 25 20 45 
27 133 134 71 135 20 44 25 20 35 
27 133 134 71 135 20 26 25 20 47 
27 133 134 71 135 20 47 25 20 35 
27 133 134 71 135 20 35 25 20 45 
27 133 134 71 135 20 45 25 20 47 
27 133 134 71 135 20 45 25 20 35 
27 133 134 71 135 20 41 25 20 44 
27 133 134 71 135 20 26 25 20 41 
27 133 134 71 135 20 35 25 20 45 
27 133 134 71 135 20 47 25 20 41 
27 133 134 71 135 20 41 25 20 26 
27 133 134 71 135 20 44 25 20 35 
27 133 134 71 135 20 35 25 20 45 
27 133 134 71 135 20 44 25 20 41 
27 133 134 71 135 20 45 25 20 47 
27 133 134 71 135 20 44 25 20 45 
27 133 134 71 135 20 26 25 20 41 
27 133 134 71 135 20 44 25 20 35 
27 133 134 71 135 20 41 25 20 45 
27 133 134 71 135 20 35 25 20 45 
27 133 134 71 135 20 47 25 20 41 
27 133 134 71 135 20 35 25 20 47 
27 133 134 71 135 20 35 25 20 26 
27 133 134 71 135 20 41 25 20 26 
27 133 134 71 135 20 41 25 20 47 
27 133 134 71 135 20 41 25 20 35 
27 133 134 71 135 20 26 25 20 44 
27 133 134 71 135 20 47 25 20 41 
27 133 134 71 135 20 26 25 20 47 
27 133 134 71 135 20 45 25 20 47 
27 133 134 71 135 20 41 25 20 35 
27 133 134 71 135 20 45 25 20 35 
27 133 134 71 135 20 41 25 20 47 
27 133 134 71 135 20 35 25 20 47 
27 133 134 71 135 20 26 25 20 44 
27 133 134 71 135 20 47 25 20 26 
27 133 134 71 135 20 44 25 20 41 
27 133 134 71 135 20 45 25 20 41 
27 133 134 71 135 20 26 25 20 35 
27 133 134 71 135 20 44 25 20 45 
27 133 134 71 135 20 35 25 20 45 
27 133 134 71 135 20 47 25 20 45 
27 133 134 71 135 20 41 25 20 47 
27 133 134 71 135 20 44 25 20 26 
27 133 134 71 135 20 41 25 20 44 
27 133 134 71 135 20 35 25 20 47 
27 133 134 71 135 20 47 25 20 35 
27 133 134 71 135 20 44 25 20 41 
27 133 134 71 135 20 44 25 20 35 
27 133 134 71 135 20 41 25 20 44 
27 133 134 71 135 20 44 25 20 26 
27 133 134 71 135 20 47 25 20 41 
27 133 134 71 135 20 45 25 20 35 
27 133 134 71 135 20 44 25 20 45 
27 133 134 71 135 20 44 25 20 35 
27 133 134 71 135 20 47 25 20 44 
27 133 134 71 135 20 41 25 20 35 
27 133 134 71 135 20 41 25 20 45 
27 133 134 71 135 20 44 25 20 35 
27 133 134 71 135 20 35 25 20 26 
27 133 134 71 135 20 45 25 20 47 
27 133 134 71 135 20 41 25 20 35 
27 133 134 71 135 20 44 25 20 35 
27 133 134 71 135 20 26 25 20 45 
27 133 134 71 135 20 35 25 20 45 
27 133 134 71 135 20 26 25 20 41 
27 133 134 71 135 20 41 25 20 35 
27 133 134 71 135 20 35 25 20 47 
27 133 134 71 135 20 35 25 20 41 
27 133 134 71 135 20 47 25 20 35 
27 133 134 71 135 20 41 25 20 47 
27 133 134 71 135 20 47 25 20 44 
27 133 134 71 135 20 35 25 20 41 
27 133 134 71 135 20 47 25 20 44 
27 133 134 71 135 20 41 25 20 35 
27 133 134 71 135 20 45 25 20 44 
27 133 134 71 135 20 45 25 20 35 
27 133 134 71 135 20 44 25 20 45 
27 133 134 71 135 20 26 25 20 35 
27 133 134 71 135 20 26 25 20 47 
27 133 134 71 135 20 44 25 20 45 
27 133 134 71 135 20 35 25 20 44 
27 133 134 71 135 20 47 25 20 26 
27 133 134 71 135 20 41 25 20 26 
27 133 134 71 135 20 45 25 20 47 
27 133 134 71 135 20 26 25 20 47 
27 133 134 71 135 20 41 25 20 47 
27 133 134 71 135 20 47 25 20 26 
27 133 134 71 135 20 35 25 20 26 
27 133 134 71 135 20 45 25 20 26 
27 133 134 71 135 20 35 25 20 45 
27 133 134 71 135 20 47 25 20 26 
27 133 134 71 135 20 41 25 20 45 
27 133 134 71 135 20 45 25 20 26 
27 133 134 71 135 20 44 25 20 45 
27 133 134 71 135 20 26 25 20 35 
27 133 134 71 135 20 26 25 20 45 
27 133 134 71 135 20 44 25 20 35 
27 133 134 71 135 20 45 25 20 47 
27 133 134 71 135 20 41 25 20 35 
27 133 134 71 135 20 35 25 20 47 
27 133 134 71 135 20 47 25 20 35 
27 133 134 71 135 20 41 25 20 44 
27 133 134 71 135 20 41 25 20 44 
27 133 134 71 135 20 26 25 20 41 
27 133 134 71 135 20 35 25 20 47 
27 133 134 71 135 20 44 25 20 41 
27 133 134 71 135 20 35 25 20 44 
27 133 134 71 135 20 41 25 20 26 
27 133 134 71 135 20 47 25 20 45 
27 133 134 71 135 20 45 25 20 47 
27 133 134 71 135 20 26 25 20 45 
27 133 134 71 135 20 47 25 20 35 
27 133 134 71 135 20 35 25 20 45 
27 133 134 71 135 20 45 25 20 26 
27 133 134 71 135 20 44 25 20 26 
27 133 134 71 135 20 47 25 20 41 
27 133 134 71 135 20 47 25 20 26 
27 133 134 71 135 20 35 25 20 47 
27 133 134 71 135 20 41 25 20 45 
27 133 134 71 135 20 26 25 20 35 
27 133 134 71 135 20 45 25 20 35 
27 133 134 71 135 20 35 25 20 41 
27 133 134 71 135 20 44 25 20 47 
27 133 134 71 135 20 47 25 20 41 
27 133 134 71 135 20 44 25 20 47 
27 133 134 71 135 20 47 25 20 41 
27 133 134 71 135 20 41 25 20 26 
27 133 134 71 135 20 41 25 20 35 
27 133 134 71 135 20 35 25 20 41 
27 133 134 71 135 20 26 25 20 45 
27 133 134 71 135 20 45 25 20 47 
27 133 134 71 135 20 47 25 20 41 
27 133 134 71 135 20 44 25 20 47 
27 133 134 71 135 20 44 25 20 45 
27 133 134 71 135 20 47 25 20 45 
27 133 134 71 135 20 44 25 20 45 
27 133 134 71 135 20 35 25 20 41 
27 133 134 71 135 20 47 25 20 45 
27 133 134 71 135 20 41 25 20 26 
27 133 134 71 135 20 35 25 20 26 
27 133 134 71 135 20 44 25 20 41 
27 133 134 71 135 20 45 25 20 35 
27 133 134 71 135 20 44 25 20 26 
27 133 134 71 135 20 45 25 20 44 
27 133 134 71 135 20 41 25 20 44 
27 133 134 71 135 20 35 25 20 47 
27 133 134 71 135 20 41 25 20 35 
27 133 134 71 135 20 41 25 20 26 
27 133 134 71 135 20 47 25 20 41 
27 133 134 71 135 20 26 25 20 45 
27 133 134 71 135 20 44 25 20 26 
27 133 134 71 135 20 44 25 20 47 
27 133 134 71 135 20 47 25 20 35 
27 133 134 71 135 20 35 25 20 44 
27 133 134 71 135 20 47 25 20 41 
27 133 134 71 135 20 47 25 20 45 
27 133 134 71 135 20 47 25 20 41 
27 133 134 71 135 20 35 25 20 41 
27 133 134 71 135 20 41 25 20 45 
27 133 134 71 135 20 41 25 20 35 
27 133 134 71 135 20 41 25 20 26 
27 133 134 71 135 20 41 25 20 26 
27 133 134 71 135 20 47 25 20 41 
27 133 134 71 135 20 41 25 20 45 
27 133 134 71 135 20 44 25 20 35 
27 133 134 71 135 20 45 25 20 47 
27 133 134 71 135 20 45 25 20 47 
27 133 134 71 135 20 47 25 20 44 
27 133 134 71 135 20 45 25 20 26 
27 133 134 71 135 20 47 25 20 44 
27 133 134 71 135 20 45 25 20 41 
27 133 134 71 135 20 41 25 20 35 
27 133 134 71 135 20 41 25 20 44 
27 133 134 71 135 20 44 25 20 45 
27 133 134 71 135 20 45 25 20 35 
27 133 134 71 135 20 35 25 20 26 
27 133 134 71 135 20 44 25 20 45 
27 133 134 71 135 20 45 25 20 47 
27 133 134 71 135 20 26 25 20 47 
27 133 134 71 135 20 26 25 20 47 
27 133 134 71 135 20 35 25 20 26 
27 133 134 71 135 20 45 25 20 41 
27 133 134 71 135 20 47 25 20 45 
27 133 134 71 135 20 35 25 20 26 
27 133 134 71 135 20 47 25 20 44 
27 133 134 71 135 20 41 25 20 45 
27 133 134 71 135 20 45 25 20 47 
27 133 134 71 135 20 47 25 20 41 
27 133 134 71 135 20 35 25 20 47 
27 133 134 71 135 20 44 25 20 26 
27 133 134 71 135 20 45 25 20 35 
27 133 134 71 135 20 45 25 20 47 
27 133 134 71 135 20 44 25 20 47 
27 133 134 71 135 20 41 25 20 26 
27 133 134 71 135 20 26 25 20 47 
27 133 134 71 135 20 35 25 20 26 
27 133 134 71 135 20 44 25 20 47 
27 133 134 71 135 20 26 25 20 45 
27 133 134 71 135 20 26 25 20 41 
27 133 134 71 135 20 44 25 20 35 
27 133 134 71 135 20 41 25 20 35 
27 133 134 71 135 20 45 25 20 47 
27 133 134 71 135 20 47 25 20 26 
27 133 134 71 135 20 45 25 20 44 
27 133 134 71 135 20 44 25 20 41 
27 133 134 71 135 20 26 25 20 47 
27 133 134 71 135 20 45 25 20 41 
27 133 134 71 135 20 35 25 20 41 
27 133 134 71 135 20 35 25 20 44 
27 133 134 71 135 20 41 25 20 26 
27 133 134 71 135 20 45 25 20 41 
27 133 134 71 135 20 44 25 20 41 
27 133 134 71 135 20 35 25 20 41 
27 133 134 71 135 20 41 25 20 35 
27 133 134 71 135 20 26 25 20 44 
27 133 134 71 135 20 35 25 20 26 
27 133 134 71 135 20 47 25 20 45 
27 133 134 71 135 20 47 25 20 35 
27 133 134 71 135 20 26 25 20 44 
27 133 134 71 135 20 44 25 20 35 
27 133 134 71 135 20 35 25 20 45 
27 133 134 71 135 20 41 25 20 47 
27 133 134 71 135 20 45 25 20 44 
27 133 134 71 135 20 41 25 20 26 
27 133 134 71 135 20 35 25 20 41 
27 133 134 71 135 20 47 25 20 35 
27 133 134 71 135 20 44 25 20 47 
27 133 134 71 135 20 41 25 20 47 
27 133 134 71 135 20 26 25 20 47 
27 133 134 71 135 20 47 25 20 44 
27 133 134 71 135 20 45 25 20 44 
27 133 134 71 135 20 47 25 20 45 
27 133 134 71 135 20 45 25 20 41 
27 133 134 71 135 20 47 25 20 35 
27 133 134 71 135 20 44 25 20 47 
27 133 134 71 135 20 41 25 20 35 
27 133 134 71 135 20 47 25 20 45 
27 133 134 71 135 20 47 25 20 35 
27 133 134 71 135 20 44 25 20 35 
27 133 134 71 135 20 35 25 20 45 
27 133 134 71 135 20 26 25 20 35 
27 133 134 71 135 20 44 25 20 26 
27 133 134 71 135 20 26 25 20 41 
27 133 134 71 135 20 41 25 20 44 
27 133 134 71 135 20 44 25 20 35 
27 133 134 71 135 20 44 25 20 41 
27 133 134 71 135 20 47 25 20 44 
27 133 134 71 135 20 44 25 20 26 
27 133 134 71 135 20 41 25 20 44 
27 133 134 71 135 20 35 25 20 45 
27 133 134 71 135 20 26 25 20 41 
27 133 134 71 135 20 26 25 20 35 
27 133 134 71 135 20 41 25 20 47 
27 133 134 71 135 20 41 25 20 26 
27 133 134 71 135 20 45 25 20 35 
27 133 134 71 135 20 35 25 20 47 
27 133 134 71 135 20 45 25 20 26 
27 133 134 71 135 20 41 25 20 45 
27 133 134 71 135 20 41 25 20 35 
27 133 134 71 135 20 35 25 20 44 
27 133 134 71 135 20 45 25 20 41 
27 133 134 71 135 20 41 25 20 44 
27 133 134 71 135 20 47 25 20 44 
27 133 134 71 135 20 26 25 20 47 
27 133 134 71 135 20 26 25 20 44 
27 133 134 71 135 20 44 25 20 26 
27 133 134 71 135 20 35 25 20 41 
27 133 134 71 135 20 45 25 20 26 
27 133 134 71 135 20 35 25 20 47 
27 133 134 71 135 20 47 25 20 35 
27 133 134 71 135 20 41 25 20 26 
27 133 134 71 135 20 26 25 20 45 
27 133 134 71 135 20 26 25 20 44 
27 133 134 71 135 20 44 25 20 26 
27 133 134 71 135 20 45 25 20 41 
27 133 134 71 135 20 41 25 20 45 
27 133 134 71 135 20 45 25 20 44 
27 133 134 71 135 20 35 25 20 45 
27 133 134 71 135 20 35 25 20 41 
27 133 134 71 135 20 35 25 20 41 
27 133 134 71 135 20 41 25 20 47 
27 133 134 71 135 20 47 25 20 41 
27 133 134 71 135 20 26 25 20 35 
27 133 134 71 135 20 26 25 20 47 
27 133 134 71 135 20 26 25 20 35 
27 133 134 71 135 20 35 25 20 45 
27 133 134 71 135 20 44 25 20 41 
27 133 134 71 135 20 26 25 20 44 
27 133 134 71 135 20 44 25 20 45 
27 133 134 71 135 20 47 25 20 44 
27 133 134 71 135 20 47 25 20 41 
27 133 134 71 135 20 35 25 20 44 
27 133 134 71 135 20 26 25 20 41 
27 133 134 71 135 20 41 25 20 44 
27 133 134 71 135 20 44 25 20 35 
27 133 134 71 135 20 44 25 20 41 
27 133 134 71 135 20 26 25 20 47 
27 133 134 71 135 20 35 25 20 26 
27 133 134 71 135 20 44 25 20 35 
27 133 134 71 135 20 26 25 20 47 
27 133 134 71 135 20 45 25 20 26 
27 133 134 71 135 20 45 25 20 41 
27 133 134 71 135 20 45 25 20 47 
27 133 134 71 135 20 44 25 20 41 
27 133 134 71 135 20 35 25 20 44 
27 133 134 71 135 20 41 25 20 44 
27 133 134 71 135 20 44 25 20 45 
27 133 134 71 135 20 45 25 20 35 
27 133 134 71 135 20 45 25 20 35 
27 133 134 71 135 20 45 25 20 47 
27 133 134 71 135 20 35 25 20 47 
27 133 134 71 135 20 41 25 20 44 
27 133 134 71 135 20 47 25 20 26 
27 133 134 71 135 20 45 25 20 26 
27 133 134 71 135 20 26 25 20 44 
27 133 134 71 135 20 35 25 20 47 
27 133 134 71 135 20 41 25 20 35 
27 133 134 71 135 20 41 25 20 35 
27 133 134 71 135 20 41 25 20 45 
27 133 134 71 135 20 41 25 20 35 
27 133 134 71 135 20 47 25 20 41 
27 133 134 71 135 20 41 25 20 26 
27 133 134 71 135 20 35 25 20 47 
27 133 134 71 135 20 26 25 20 44 
27 133 134 71 135 20 26 25 20 44 
27 133 134 71 135 20 45 25 20 47 
27 133 134 71 135 20 26 25 20 35 
27 133 134 71 135 20 47 25 20 41 
27 133 134 71 135 20 35 25 20 41 
27 133 134 71 135 20 41 25 20 26 
27 133 134 71 135 20 47 25 20 45 
27 133 134 71 135 20 45 25 20 47 
27 133 134 71 135 20 41 25 20 45 
27 133 134 71 135 20 44 25 20 41 
27 133 134 71 135 20 35 25 20 45 
27 133 134 71 135 20 35 25 20 47 
27 133 134 71 135 20 35 25 20 45 
27 133 134 71 135 20 44 25 20 41 
27 133 134 71 135 20 26 25 20 44 
27 133 134 71 135 20 35 25 20 26 
27 133 134 71 135 20 35 25 20 26 
27 133 134 71 135 20 41 25 20 35 
27 133 134 71 135 20 26 25 20 41 
27 133 134 71 135 20 45 25 20 35 
27 133 134 71 135 20 45 25 20 35 
27 133 134 71 135 20 47 25 20 41 
27 133 134 71 135 20 47 25 20 41 
27 133 134 71 135 20 41 25 20 44 
27 133 134 71 135 20 35 25 20 47 
27 133 134 71 135 20 26 25 20 41 
27 133 134 71 135 20 47 25 20 26 
27 133 134 71 135 20 41 25 20 47 
27 133 134 71 135 20 41 25 20 44 
27 133 134 71 135 20 26 25 20 41 
27 133 134 71 135 20 35 25 20 26 
27 133 134 71 135 20 45 25 20 26 
27 133 134 71 135 20 26 25 20 47 
27 133 134 71 135 20 45 25 20 26 
27 133 134 71 135 20 45 25 20 47 
27 133 134 71 135 20 47 25 20 35 
27 133 134 71 135 20 41 25 20 45 
27 133 134 71 135 20 41 25 20 47 
27 133 134 71 135 20 41 25 20 45 
27 133 134 71 135 20 47 25 20 35 
27 133 134 71 135 20 26 25 20 44 
27 133 134 71 135 20 44 25 20 35 
27 133 134 71 135 20 35 25 20 26 
27 133 134 71 135 20 35 25 20 44 
27 133 134 71 135 20 35 25 20 41 
27 133 134 71 135 20 26 25 20 45 
27 133 134 71 135 20 35 25 20 41 
27 133 134 71 135 20 26 25 20 45 
27 133 134 71 135 20 35 25 20 45 
27 133 134 71 135 20 47 25 20 35 
27 133 134 71 135 20 44 25 20 26 
27 133 134 71 135 20 35 25 20 44 
27 133 134 71 135 20 26 25 20 35 
27 133 134 71 135 20 35 25 20 41 
27 133 134 71 135 20 44 25 20 35 
27 133 134 71 135 20 45 25 20 41 
27 133 134 71 135 20 35 25 20 26 
27 133 134 71 135 20 26 25 20 45 
27 133 134 71 135 20 26 25 20 47 
27 133 134 71 135 20 47 25 20 44 
27 133 134 71 135 20 44 25 20 26 
27 133 134 71 135 20 47 25 20 44 
27 133 134 71 135 20 35 25 20 44 
27 133 134 71 135 20 35 25 20 47 
27 133 134 71 135 20 35 25 20 44 
27 133 134 71 135 20 26 25 20 44 
27 133 134 71 135 20 35 25 20 45 
27 133 134 71 135 20 35 25 20 47 
27 133 134 71 135 20 35 25 20 41 
27 133 134 71 135 20 45 25 20 44 
27 133 134 71 135 20 41 25 20 44 
27 133 134 71 135 20 45 25 20 26 
27 133 134 71 135 20 44 25 20 41 
27 133 134 71 135 20 35 25 20 41 
27 133 134 71 135 20 45 25 20 41 
27 133 134 71 135 20 45 25 20 35 
27 133 134 71 135 20 44 25 20 41 
27 133 134 71 135 20 45 25 20 44 
27 133 134 71 135 20 45 25 20 26 
27 133 134 71 135 20 26 25 20 45 
27 133 134 71 135 20 26 25 20 45 
27 133 134 71 135 20 45 25 20 35 
27 133 134 71 135 20 44 25 20 47 
27 133 134 71 135 20 35 25 20 26 
27 133 134 71 135 20 41 25 20 45 
27 133 134 71 135 20 45 25 20 35 
27 133 134 71 135 20 35 25 20 41 
27 133 134 71 135 20 35 25 20 41 
27 133 134 71 135 20 47 25 20 44 
27 133 134 71 135 20 47 25 20 41 
27 133 134 71 135 20 47 25 20 26 
27 133 134 71 135 20 35 25 20 45 
27 133 134 71 135 20 44 25 20 35 
27 133 134 71 135 20 35 25 20 44 
27 133 134 71 135 20 47 25 20 45 
27 133 134 71 135 20 41 25 20 35 
27 133 134 71 135 20 26 25 20 45 
27 133 134 71 135 20 44 25 20 26 
27 133 134 71 135 20 35 25 20 44 
27 133 134 71 135 20 44 25 20 45 
27 133 134 71 135 20 41 25 20 45 
27 133 134 71 135 20 47 25 20 41 
27 133 134 71 135 20 35 25 20 26 
27 133 134 71 135 20 41 25 20 26 
27 133 134 71 135 20 45 25 20 26 
27 133 134 71 135 20 44 25 20 47 
27 133 134 71 135 20 47 25 20 44 
27 133 134 71 135 20 47 25 20 41 
27 133 134 71 135 20 45 25 20 26 
27 133 134 71 135 20 26 25 20 47 
27 133 134 71 135 20 35 25 20 26 
27 133 134 71 135 20 35 25 20 44 
27 133 134 71 135 20 44 25 20 47 
27 133 134 71 135 20 44 25 20 26 
27 133 134 71 135 20 41 25 20 35 
27 133 134 71 135 20 44 25 20 26 
27 133 134 71 135 20 26 25 20 45 
27 133 134 71 135 20 44 25 20 47 
27 133 134 71 135 20 45 25 20 26 
27 133 134 71 135 20 47 25 20 41 
27 133 134 71 135 20 41 25 20 45 
27 133 134 71 135 20 44 25 20 26 
27 133 134 71 135 20 35 25 20 44 
27 133 134 71 135 20 45 25 20 41 
27 133 134 71 135 20 44 25 20 45 
27 133 134 71 135 20 47 25 20 35 
27 133 134 71 135 20 45 25 20 44 
27 133 134 71 135 20 45 25 20 44 
27 133 134 71 135 20 35 25 20 44 
27 133 134 71 135 20 41 25 20 47 
27 133 134 71 135 20 47 25 20 26 
27 133 134 71 135 20 47 25 20 35 
27 133 134 71 135 20 35 25 20 41 
27 133 134 71 135 20 26 25 20 35 
27 133 134 71 135 20 44 25 20 45 
27 133 134 71 135 20 35 25 20 26 
27 133 134 71 135 20 35 25 20 45 
27 133 134 71 135 20 35 25 20 44 
27 133 134 71 135 20 44 25 20 41 
27 133 134 71 135 20 47 25 20 41 
27 133 134 71 135 20 45 25 20 35 
27 133 134 71 135 20 41 25 20 26 
27 133 134 71 135 20 45 25 20 47 
27 133 134 71 135 20 41 25 20 26 
27 133 134 71 135 20 45 25 20 41 
27 133 134 71 135 20 44 25 20 35 
27 133 134 71 135 20 45 25 20 26 
27 133 134 71 135 20 26 25 20 45 
27 133 134 71 135 20 26 25 20 45 
27 133 134 71 135 20 35 25 20 41 
27 133 134 71 135 20 26 25 20 41 
27 133 134 71 135 20 41 25 20 44 
27 133 134 71 135 20 44 25 20 26 
27 133 134 71 135 20 26 25 20 45 
27 133 134 71 135 20 45 25 20 35 
27 133 134 71 135 20 44 25 20 26 
27 133 134 71 135 20 47 25 20 26 
27 133 134 71 135 20 47 25 20 35 
27 133 134 71 135 20 44 25 20 26 
27 133 134 71 135 20 44 25 20 47 
27 133 134 71 135 20 26 25 20 35 
27 133 134 71 135 20 26 25 20 45 
27 133 134 71 135 20 44 25 20 26 
27 133 134 71 135 20 26 25 20 41 
27 133 134 71 135 20 47 25 20 35 
27 133 134 71 135 20 26 25 20 35 
27 133 134 71 135 20 41 25 20 35 
27 133 134 71 135 20 47 25 20 44 
27 133 134 71 135 20 45 25 20 44 
27 133 134 71 135 20 45 25 20 41 
27 133 134 71 135 20 45 25 20 41 
27 133 134 71 135 20 44 25 20 26 
27 133 134 71 135 20 35 25 20 41 
27 133 134 71 135 20 47 25 20 44 
27 133 134 71 135 20 41 25 20 35 
27 133 134 71 135 20 41 25 20 45 
27 133 134 71 135 20 44 25 20 45 
27 133 134 71 135 20 26 25 20 45 
27 133 134 71 135 20 41 25 20 45 
27 133 134 71 135 20 45 25 20 41 
27 133 134 71 135 20 41 25 20 47 
27 133 134 71 135 20 44 25 20 45 
27 133 134 71 135 20 44 25 20 35 
27 133 134 71 135 20 35 25 20 47 
27 133 134 71 135 20 41 25 20 26 
27 133 134 71 135 20 41 25 20 45 
27 133 134 71 135 20 47 25 20 26 
27 133 134 71 135 20 45 25 20 26 
27 133 134 71 135 20 35 25 20 26 
27 133 134 71 135 20 35 25 20 41 
27 133 134 71 135 20 47 25 20 26 
27 133 134 71 135 20 44 25 20 26 
27 133 134 71 135 20 26 25 20 41 
27 133 134 71 135 20 47 25 20 45 
27 133 134 71 135 20 26 25 20 35 
27 133 134 71 135 20 44 25 20 45 
27 133 134 71 135 20 44 25 20 26 
27 133 134 71 135 20 35 25 20 45 
27 133 134 71 135 20 45 25 20 26 
27 133 134 71 135 20 26 25 20 41 
27 133 134 71 135 20 41 25 20 26 
27 133 134 71 135 20 47 25 20 35 
27 133 134 71 135 20 44 25 20 45 
27 133 134 71 135 20 26 25 20 41 
27 133 134 71 135 20 41 25 20 47 
27 133 134 71 135 20 45 25 20 26 
27 133 134 71 135 20 41 25 20 26 
27 133 134 71 135 20 35 25 20 45 
27 133 134 71 135 20 45 25 20 47 
27 133 134 71 135 20 35 25 20 47 
27 133 134 71 135 20 45 25 20 35 
27 133 134 71 135 20 44 25 20 41 
27 133 134 71 135 20 44 25 20 45 
27 133 134 71 135 20 41 25 20 45 
27 133 134 71 135 20 26 25 20 45 
27 133 134 71 135 20 41 25 20 44 
27 133 134 71 135 20 26 25 20 44 
27 133 134 71 135 20 47 25 20 41 
27 133 134 71 135 20 45 25 20 35 
27 133 134 71 135 20 41 25 20 47 
27 133 134 71 135 20 47 25 20 41 
27 133 134 71 135 20 26 25 20 45 
27 133 134 71 135 20 44 25 20 41 
27 133 134 71 135 20 47 25 20 44 
27 133 134 71 135 20 35 25 20 44 
27 133 134 71 135 20 47 25 20 41 
27 133 134 71 135 20 47 25 20 44 
27 133 134 71 135 20 44 25 20 47 
27 133 134 71 135 20 45 25 20 35 
27 133 134 71 135 20 44 25 20 45 
27 133 134 71 135 20 26 25 20 47 
27 133 134 71 135 20 47 25 20 45 
27 133 134 71 135 20 41 25 20 44 
27 133 134 71 135 20 47 25 20 35 
27 133 134 71 135 20 35 25 20 45 
27 133 134 71 135 20 41 25 20 44 
27 133 134 71 135 20 44 25 20 35 
27 133 134 71 135 20 35 25 20 44 
27 133 134 71 135 20 47 25 20 41 
27 133 134 71 135 20 41 25 20 47 
27 133 134 71 135 20 41 25 20 35 
27 133 134 71 135 20 47 25 20 26 
27 133 134 71 135 20 26 25 20 35 
27 133 134 71 135 20 35 25 20 41 
27 133 134 71 135 20 26 25 20 45 
27 133 134 71 135 20 45 25 20 47 
27 133 134 71 135 20 47 25 20 44 
27 133 134 71 135 20 47 25 20 35 
27 133 134 71 135 20 26 25 20 45 
27 133 134 71 135 20 44 25 20 45 
27 133 134 71 135 20 45 25 20 26 
27 133 134 71 135 20 47 25 20 41 
27 133 134 71 135 20 47 25 20 44 
27 133 134 71 135 20 41 25 20 45 
27 133 134 71 135 20 47 25 20 45 
27 133 134 71 135 20 26 25 20 35 
27 133 134 71 135 20 47 25 20 26 
27 133 134 71 135 20 41 25 20 47 
27 133 134 71 135 20 35 25 20 47 
27 133 134 71 135 20 47 25 20 45 
27 133 134 71 135 20 44 25 20 47 
27 133 134 71 135 20 35 25 20 26 
27 133 134 71 135 20 47 25 20 35 
27 133 134 71 135 20 44 25 20 41 
27 133 134 71 135 20 35 25 20 47 
27 133 134 71 135 20 41 25 20 44 
27 133 134 71 135 20 26 25 20 41 
27 133 134 71 135 20 41 25 20 44 
27 133 134 71 135 20 45 25 20 26 
27 133 134 71 135 20 26 25 20 47 
27 133 134 71 135 20 41 25 20 26 
27 133 134 71 135 20 45 25 20 41 
27 133 134 71 135 20 44 25 20 47 
27 133 134 71 135 20 47 25 20 45 
27 133 134 71 135 20 44 25 20 47 
27 133 134 71 135 20 47 25 20 45 
27 133 134 71 135 20 41 25 20 44 
27 133 134 71 135 20 47 25 20 45 
27 133 134 71 135 20 26 25 20 44 
27 133 134 71 135 20 45 25 20 41 
27 133 134 71 135 20 26 25 20 45 
27 133 134 71 135 20 44 25 20 47 
27 133 134 71 135 20 44 25 20 41 
27 133 134 71 135 20 41 25 20 45 
27 133 134 71 135 20 44 25 20 47 
27 133 134 71 135 20 45 25 20 44 
27 133 134 71 135 20 41 25 20 47 
27 133 134 71 135 20 47 25 20 44 
27 133 134 71 135 20 41 25 20 47 
27 133 134 71 135 20 45 25 20 41 
27 133 134 71 135 20 44 25 20 41 
27 133 134 71 135 20 47 25 20 45 
27 133 134 71 135 20 35 25 20 45 
27 133 134 71 135 20 41 25 20 35 
27 133 134 71 135 20 35 25 20 41 
27 133 134 71 135 20 35 25 20 47 
27 133 134 71 135 20 26 25 20 41 
27 133 134 71 135 20 47 25 20 35 
27 133 134 71 135 20 45 25 20 44 
27 133 134 71 135 20 26 25 20 44 
27 133 134 71 135 20 44 25 20 47 
27 133 134 71 135 20 26 25 20 35 
27 133 134 71 135 20 45 25 20 26 
27 133 134 71 135 20 26 25 20 45 
27 133 134 71 135 20 35 25 20 26 
27 133 134 71 135 20 35 25 20 26 
27 133 134 71 135 20 47 25 20 45 
27 133 134 71 135 20 47 25 20 26 
27 133 134 71 135 20 26 25 20 47 
27 133 134 71 135 20 44 25 20 26 
27 133 134 71 135 20 45 25 20 44 
27 133 134 71 135 20 45 25 20 47 
27 133 134 71 135 20 41 25 20 26 
27 133 134 71 135 20 41 25 20 47 
27 133 134 71 135 20 47 25 20 26 
27 133 134 71 135 20 45 25 20 26 
27 133 134 71 135 20 41 25 20 35 
27 133 134 71 135 20 44 25 20 45 
27 133 134 71 135 20 47 25 20 41 
27 133 134 71 135 20 44 25 20 26 
27 133 134 71 135 20 26 25 20 41 
27 133 134 71 135 20 35 25 20 41 
27 133 134 71 135 20 41 25 20 44 
27 133 134 71 135 20 45 25 20 26 
27 133 134 71 135 20 26 25 20 47 
27 133 134 71 135 20 45 25 20 47 
27 133 134 71 135 20 26 25 20 45 
27 133 134 71 135 20 45 25 20 41 
27 133 134 71 135 20 45 25 20 47 
27 133 134 71 135 20 26 25 20 44 
27 133 134 71 135 20 26 25 20 35 
27 133 134 71 135 20 41 25 20 35 
27 133 134 71 135 20 26 25 20 35 
27 133 134 71 135 20 41 25 20 44 
27 133 134 71 135 20 26 25 20 35 
27 133 134 71 135 20 45 25 20 44 
27 133 134 71 135 20 26 25 20 47 
27 133 134 71 135 20 47 25 20 41 
27 133 134 71 135 20 26 25 20 47 
27 133 134 71 135 20 45 25 20 41 
27 133 134 71 135 20 45 25 20 47 
27 133 134 71 135 20 35 25 20 45 
27 133 134 71 135 20 44 25 20 45 
27 133 134 71 135 20 47 25 20 44 
27 133 134 71 135 20 35 25 20 45 
27 133 134 71 135 20 26 25 20 45 
27 133 134 71 135 20 47 25 20 26 
27 133 134 71 135 20 26 25 20 45 
27 133 134 71 135 20 44 25 20 35 
27 133 134 71 135 20 47 25 20 44 
27 133 134 71 135 20 47 25 20 41 
27 133 134 71 135 20 26 25 20 47 
27 133 134 71 135 20 35 25 20 44 
27 133 134 71 135 20 45 25 20 44 
27 133 134 71 135 20 35 25 20 47 
27 133 134 71 135 20 26 25 20 41 
27 133 134 71 135 20 41 25 20 26 
27 133 134 71 135 20 26 25 20 44 
27 133 134 71 135 20 35 25 20 26 
27 133 134 71 135 20 44 25 20 35 
27 133 134 71 135 20 41 25 20 47 
27 133 134 71 135 20 47 25 20 41 
27 133 134 71 135 20 47 25 20 35 
27 133 134 71 135 20 26 25 20 35 
27 133 134 71 135 20 47 25 20 35 
27 133 134 71 135 20 41 25 20 45 
27 133 134 71 135 20 41 25 20 45 
27 133 134 71 135 20 26 25 20 45 
27 133 134 71 135 20 45 25 20 35 
27 133 134 71 135 20 45 25 20 44 
27 133 134 71 135 20 35 25 20 26 
27 133 134 71 135 20 41 25 20 45 
27 133 134 71 135 20 35 25 20 47 
27 133 134 71 135 20 35 25 20 45 
27 133 134 71 135 20 44 25 20 41 
27 133 134 71 135 20 41 25 20 35 
27 133 134 71 135 20 26 25 20 47 
27 133 134 71 135 20 47 25 20 26 
27 133 134 71 135 20 26 25 20 45 
27 133 134 71 135 20 45 25 20 26 
27 133 134 71 135 20 26 25 20 41 
27 133 134 71 135 20 35 25 20 45 
27 133 134 71 135 20 44 25 20 45 
27 133 134 71 135 20 44 25 20 41 
27 133 134 71 135 20 41 25 20 35 
27 133 134 71 135 20 35 25 20 26 
27 133 134 71 135 20 47 25 20 35 
27 133 134 71 135 20 35 25 20 47 
27 133 134 71 135 20 35 25 20 26 
27 133 134 71 135 20 26 25 20 47 
27 133 134 71 135 20 47 25 20 45 
27 133 134 71 135 20 45 25 20 44 
27 133 134 71 135 20 44 25 20 45 
27 133 134 71 135 20 26 25 20 35 
27 133 134 71 135 20 44 25 20 35 
27 133 134 71 135 20 26 25 20 41 
