61 83 131 84 20 126 
61 83 131 84 20 126 
61 83 131 84 20 126 
61 83 104 84 20 126 
61 83 104 84 20 126 
61 83 18 84 20 26 
61 83 131 84 20 45 
61 83 18 84 20 26 
61 83 105 84 20 47 
61 83 131 84 20 26 
61 83 104 84 20 128 
61 83 131 84 20 26 
61 83 131 84 20 26 
61 83 131 84 20 126 
61 83 18 84 20 45 
61 83 104 84 20 45 
61 83 104 84 20 45 
61 83 18 84 20 47 
61 83 18 84 20 45 
61 83 131 84 20 127 
61 83 18 84 20 45 
61 83 18 84 20 45 
61 83 18 84 20 128 
61 83 104 84 20 26 
61 83 104 84 20 26 
61 83 105 84 20 47 
61 83 105 84 20 47 
61 83 105 84 20 126 
61 83 104 84 20 126 
61 83 131 84 20 128 
61 83 18 84 20 127 
61 83 18 84 20 127 
61 83 131 84 20 45 
61 83 105 84 20 126 
61 83 105 84 20 126 
61 83 131 84 20 128 
61 83 131 84 20 26 
61 83 131 84 20 128 
61 83 131 84 20 47 
61 83 104 84 20 47 
61 83 105 84 20 127 
61 83 105 84 20 45 
61 83 18 84 20 127 
61 83 18 84 20 127 
61 83 18 84 20 47 
61 83 105 84 20 128 
61 83 105 84 20 126 
61 83 105 84 20 126 
61 83 104 84 20 128 
61 83 104 84 20 128 
61 83 131 84 20 45 
61 83 131 84 20 45 
61 83 18 84 20 47 
61 83 131 84 20 26 
61 83 104 84 20 47 
61 83 131 84 20 127 
61 83 131 84 20 127 
61 83 104 84 20 47 
61 83 104 84 20 47 
61 83 104 84 20 26 
61 83 131 84 20 26 
61 83 131 84 20 47 
61 83 18 84 20 126 
61 83 104 84 20 45 
61 83 131 84 20 128 
61 83 105 84 20 127 
61 83 105 84 20 127 
61 83 131 84 20 26 
61 83 131 84 20 26 
61 83 131 84 20 127 
61 83 18 84 20 127 
61 83 18 84 20 26 
61 83 18 84 20 26 
61 83 18 84 20 126 
61 83 131 84 20 47 
61 83 18 84 20 26 
61 83 18 84 20 26 
61 83 18 84 20 26 
61 83 131 84 20 45 
61 83 18 84 20 127 
61 83 18 84 20 47 
61 83 105 84 20 127 
61 83 105 84 20 127 
61 83 105 84 20 128 
61 83 131 84 20 127 
61 83 18 84 20 128 
61 83 18 84 20 45 
61 83 105 84 20 127 
61 83 105 84 20 127 
61 83 131 84 20 126 
61 83 105 84 20 127 
61 83 105 84 20 47 
61 83 105 84 20 127 
61 83 18 84 20 47 
61 83 18 84 20 47 
61 83 131 84 20 127 
61 83 131 84 20 128 
61 83 18 84 20 47 
61 83 105 84 20 47 
61 83 105 84 20 47 
61 83 18 84 20 47 
61 83 18 84 20 47 
61 83 18 84 20 127 
61 83 131 84 20 45 
61 83 104 84 20 126 
61 83 18 84 20 45 
61 83 18 84 20 45 
61 83 18 84 20 126 
61 83 18 84 20 126 
61 83 18 84 20 126 
61 83 131 84 20 26 
61 83 104 84 20 127 
61 83 131 84 20 126 
61 83 105 84 20 128 
61 83 131 84 20 126 
61 83 18 84 20 127 
61 83 18 84 20 127 
61 83 104 84 20 45 
61 83 105 84 20 126 
61 83 104 84 20 45 
61 83 131 84 20 26 
61 83 131 84 20 128 
61 83 105 84 20 47 
61 83 105 84 20 47 
61 83 105 84 20 45 
61 83 104 84 20 45 
61 83 104 84 20 47 
61 83 104 84 20 47 
61 83 104 84 20 127 
61 83 105 84 20 47 
61 83 18 84 20 45 
61 83 18 84 20 128 
61 83 18 84 20 45 
61 83 18 84 20 126 
61 83 105 84 20 45 
61 83 104 84 20 126 
61 83 104 84 20 47 
61 83 131 84 20 128 
61 83 104 84 20 127 
61 83 18 84 20 26 
61 83 18 84 20 45 
61 83 18 84 20 47 
61 83 18 84 20 45 
61 83 105 84 20 128 
61 83 105 84 20 45 
61 83 131 84 20 128 
61 83 104 84 20 128 
61 83 131 84 20 128 
61 83 104 84 20 26 
61 83 105 84 20 26 
61 83 131 84 20 47 
61 83 104 84 20 45 
61 83 131 84 20 45 
61 83 104 84 20 128 
61 83 105 84 20 128 
61 83 131 84 20 47 
61 83 131 84 20 126 
61 83 131 84 20 47 
61 83 105 84 20 45 
61 83 104 84 20 126 
61 83 104 84 20 126 
61 83 104 84 20 126 
61 83 131 84 20 47 
61 83 18 84 20 126 
61 83 18 84 20 26 
61 83 105 84 20 45 
61 83 105 84 20 45 
61 83 131 84 20 128 
61 83 104 84 20 26 
61 83 105 84 20 26 
61 83 104 84 20 47 
61 83 104 84 20 47 
61 83 104 84 20 45 
61 83 131 84 20 127 
61 83 18 84 20 47 
61 83 105 84 20 127 
61 83 131 84 20 26 
61 83 105 84 20 126 
61 83 18 84 20 47 
61 83 131 84 20 47 
61 83 104 84 20 126 
61 83 104 84 20 45 
61 83 104 84 20 47 
61 83 105 84 20 26 
61 83 18 84 20 128 
61 83 105 84 20 47 
61 83 105 84 20 47 
61 83 131 84 20 45 
61 83 104 84 20 26 
61 83 104 84 20 26 
61 83 104 84 20 126 
61 83 104 84 20 26 
61 83 104 84 20 126 
61 83 104 84 20 26 
61 83 18 84 20 127 
61 83 131 84 20 127 
61 83 18 84 20 26 
61 83 105 84 20 45 
61 83 131 84 20 128 
61 83 104 84 20 126 
61 83 18 84 20 128 
61 83 105 84 20 126 
61 83 105 84 20 126 
61 83 105 84 20 26 
61 83 105 84 20 126 
61 83 104 84 20 128 
61 83 104 84 20 47 
61 83 104 84 20 47 
61 83 18 84 20 47 
61 83 105 84 20 126 
61 83 104 84 20 126 
61 83 104 84 20 128 
61 83 18 84 20 127 
61 83 131 84 20 128 
61 83 131 84 20 128 
61 83 18 84 20 45 
61 83 18 84 20 45 
61 83 18 84 20 128 
61 83 105 84 20 26 
61 83 104 84 20 126 
61 83 131 84 20 127 
61 83 131 84 20 127 
61 83 131 84 20 127 
61 83 104 84 20 26 
61 83 18 84 20 128 
61 83 105 84 20 126 
61 83 105 84 20 126 
61 83 105 84 20 45 
61 83 18 84 20 45 
61 83 131 84 20 26 
61 83 104 84 20 47 
61 83 104 84 20 47 
61 83 105 84 20 47 
61 83 131 84 20 126 
61 83 18 84 20 26 
61 83 131 84 20 47 
61 83 131 84 20 47 
61 83 105 84 20 126 
61 83 105 84 20 47 
61 83 104 84 20 26 
61 83 131 84 20 127 
61 83 131 84 20 127 
61 83 131 84 20 128 
61 83 131 84 20 26 
61 83 131 84 20 26 
61 83 18 84 20 126 
61 83 18 84 20 126 
61 83 105 84 20 45 
61 83 105 84 20 45 
61 83 104 84 20 45 
61 83 131 84 20 45 
61 83 131 84 20 45 
61 83 131 84 20 45 
61 83 104 84 20 26 
61 83 18 84 20 45 
61 83 104 84 20 26 
61 83 104 84 20 26 
61 83 131 84 20 127 
61 83 131 84 20 47 
61 83 18 84 20 128 
61 83 131 84 20 127 
61 83 131 84 20 47 
61 83 131 84 20 126 
61 83 18 84 20 126 
61 83 18 84 20 126 
61 83 131 84 20 127 
61 83 105 84 20 127 
61 83 104 84 20 128 
61 83 105 84 20 45 
61 83 105 84 20 47 
61 83 104 84 20 126 
61 83 104 84 20 128 
61 83 105 84 20 126 
61 83 104 84 20 45 
61 83 105 84 20 47 
61 83 18 84 20 45 
61 83 18 84 20 126 
61 83 104 84 20 47 
61 83 131 84 20 26 
61 83 131 84 20 26 
61 83 104 84 20 47 
61 83 104 84 20 26 
61 83 131 84 20 127 
61 83 131 84 20 45 
61 83 131 84 20 47 
61 83 105 84 20 127 
61 83 105 84 20 127 
61 83 131 84 20 47 
61 83 131 84 20 47 
61 83 131 84 20 127 
61 83 105 84 20 127 
61 83 105 84 20 26 
61 83 105 84 20 26 
61 83 18 84 20 26 
61 83 104 84 20 127 
61 83 18 84 20 128 
61 83 105 84 20 45 
61 83 104 84 20 26 
61 83 104 84 20 128 
61 83 131 84 20 45 
61 83 104 84 20 47 
61 83 104 84 20 127 
61 83 104 84 20 47 
61 83 104 84 20 127 
61 83 104 84 20 26 
61 83 18 84 20 128 
61 83 131 84 20 126 
61 83 104 84 20 126 
61 83 131 84 20 126 
61 83 131 84 20 127 
61 83 18 84 20 26 
61 83 18 84 20 26 
61 83 18 84 20 26 
61 83 104 84 20 26 
61 83 104 84 20 26 
61 83 18 84 20 127 
61 83 104 84 20 45 
61 83 105 84 20 47 
61 83 104 84 20 45 
61 83 131 84 20 45 
61 83 131 84 20 126 
61 83 131 84 20 126 
61 83 104 84 20 45 
61 83 104 84 20 26 
61 83 18 84 20 126 
61 83 131 84 20 45 
61 83 131 84 20 127 
61 83 131 84 20 45 
61 83 104 84 20 127 
61 83 105 84 20 127 
61 83 131 84 20 47 
61 83 131 84 20 47 
61 83 104 84 20 26 
61 83 18 84 20 47 
61 83 18 84 20 128 
61 83 105 84 20 128 
61 83 105 84 20 45 
61 83 105 84 20 128 
61 83 105 84 20 45 
61 83 105 84 20 128 
61 83 131 84 20 127 
61 83 105 84 20 127 
61 83 105 84 20 126 
61 83 105 84 20 127 
61 83 105 84 20 126 
61 83 105 84 20 47 
61 83 105 84 20 26 
61 83 104 84 20 128 
61 83 18 84 20 126 
61 83 131 84 20 47 
61 83 105 84 20 127 
61 83 105 84 20 47 
61 83 105 84 20 127 
61 83 18 84 20 126 
61 83 104 84 20 47 
61 83 18 84 20 127 
61 83 104 84 20 128 
61 83 18 84 20 127 
61 83 131 84 20 26 
61 83 131 84 20 45 
61 83 131 84 20 126 
61 83 105 84 20 126 
61 83 105 84 20 127 
61 83 105 84 20 126 
61 83 104 84 20 45 
61 83 131 84 20 127 
61 83 131 84 20 47 
61 83 131 84 20 127 
61 83 105 84 20 26 
61 83 104 84 20 126 
61 83 105 84 20 47 
61 83 104 84 20 126 
61 83 105 84 20 126 
61 83 131 84 20 128 
61 83 104 84 20 47 
61 83 105 84 20 26 
61 83 105 84 20 26 
61 83 104 84 20 128 
61 83 131 84 20 47 
61 83 105 84 20 47 
61 83 131 84 20 45 
61 83 131 84 20 45 
61 83 104 84 20 127 
61 83 104 84 20 126 
61 83 18 84 20 128 
61 83 105 84 20 47 
61 83 105 84 20 47 
61 83 104 84 20 26 
61 83 131 84 20 127 
61 83 131 84 20 126 
61 83 105 84 20 45 
61 83 105 84 20 127 
61 83 105 84 20 127 
61 83 104 84 20 128 
61 83 131 84 20 126 
61 83 131 84 20 45 
61 83 131 84 20 47 
61 83 104 84 20 47 
61 83 104 84 20 47 
61 83 105 84 20 126 
61 83 131 84 20 47 
61 83 131 84 20 127 
61 83 131 84 20 47 
61 83 104 84 20 26 
61 83 104 84 20 26 
61 83 18 84 20 47 
61 83 131 84 20 126 
61 83 18 84 20 47 
61 83 131 84 20 127 
61 83 105 84 20 127 
61 83 131 84 20 126 
61 83 131 84 20 45 
61 83 105 84 20 126 
61 83 105 84 20 126 
61 83 105 84 20 26 
61 83 18 84 20 47 
61 83 104 84 20 126 
61 83 131 84 20 128 
61 83 105 84 20 127 
61 83 105 84 20 127 
61 83 104 84 20 47 
61 83 18 84 20 127 
61 83 18 84 20 127 
61 83 104 84 20 26 
61 83 105 84 20 26 
61 83 104 84 20 26 
61 83 104 84 20 26 
61 83 104 84 20 126 
61 83 131 84 20 126 
61 83 131 84 20 127 
61 83 105 84 20 26 
61 83 105 84 20 26 
61 83 105 84 20 26 
61 83 18 84 20 128 
61 83 18 84 20 45 
61 83 104 84 20 128 
61 83 104 84 20 47 
61 83 105 84 20 26 
61 83 18 84 20 47 
61 83 18 84 20 47 
61 83 18 84 20 128 
61 83 18 84 20 128 
61 83 18 84 20 128 
61 83 18 84 20 26 
61 83 105 84 20 126 
61 83 18 84 20 126 
61 83 18 84 20 126 
61 83 18 84 20 127 
61 83 18 84 20 127 
61 83 18 84 20 128 
61 83 104 84 20 127 
61 83 105 84 20 26 
61 83 131 84 20 26 
61 83 104 84 20 26 
61 83 18 84 20 128 
61 83 18 84 20 26 
61 83 131 84 20 127 
61 83 131 84 20 127 
61 83 131 84 20 26 
61 83 131 84 20 45 
61 83 131 84 20 45 
61 83 131 84 20 45 
61 83 105 84 20 45 
61 83 131 84 20 128 
61 83 131 84 20 128 
61 83 104 84 20 128 
61 83 104 84 20 127 
61 83 104 84 20 128 
61 83 131 84 20 128 
61 83 131 84 20 45 
61 83 131 84 20 47 
61 83 18 84 20 128 
61 83 131 84 20 47 
61 83 131 84 20 45 
61 83 18 84 20 126 
61 83 18 84 20 128 
61 83 104 84 20 126 
61 83 104 84 20 126 
61 83 104 84 20 127 
61 83 104 84 20 45 
61 83 131 84 20 45 
61 83 131 84 20 26 
61 83 104 84 20 47 
61 83 105 84 20 26 
61 83 105 84 20 26 
61 83 131 84 20 26 
61 83 131 84 20 26 
61 83 18 84 20 127 
61 83 18 84 20 45 
61 83 18 84 20 126 
61 83 18 84 20 126 
61 83 18 84 20 126 
61 83 104 84 20 127 
61 83 104 84 20 127 
61 83 131 84 20 128 
61 83 105 84 20 126 
61 83 105 84 20 26 
61 83 104 84 20 47 
61 83 104 84 20 47 
61 83 104 84 20 128 
61 83 104 84 20 26 
61 83 105 84 20 45 
61 83 105 84 20 128 
61 83 18 84 20 126 
61 83 18 84 20 126 
61 83 104 84 20 128 
61 83 104 84 20 128 
61 83 104 84 20 47 
61 83 105 84 20 47 
61 83 104 84 20 47 
61 83 105 84 20 45 
61 83 104 84 20 26 
61 83 104 84 20 128 
61 83 104 84 20 128 
61 83 18 84 20 128 
61 83 105 84 20 128 
61 83 104 84 20 45 
61 83 104 84 20 45 
61 83 131 84 20 127 
61 83 131 84 20 47 
61 83 18 84 20 126 
61 83 18 84 20 26 
61 83 18 84 20 126 
61 83 105 84 20 127 
61 83 105 84 20 126 
61 83 18 84 20 128 
61 83 131 84 20 126 
61 83 104 84 20 127 
61 83 104 84 20 127 
61 83 131 84 20 128 
61 83 104 84 20 26 
61 83 104 84 20 26 
61 83 131 84 20 26 
61 83 104 84 20 128 
61 83 104 84 20 126 
61 83 131 84 20 45 
61 83 18 84 20 45 
61 83 18 84 20 45 
61 83 104 84 20 128 
61 83 105 84 20 26 
61 83 18 84 20 45 
61 83 18 84 20 45 
61 83 104 84 20 26 
61 83 104 84 20 45 
61 83 131 84 20 128 
61 83 104 84 20 47 
61 83 104 84 20 47 
61 83 105 84 20 47 
61 83 105 84 20 47 
61 83 18 84 20 26 
61 83 18 84 20 127 
61 83 104 84 20 126 
61 83 18 84 20 127 
61 83 131 84 20 127 
61 83 131 84 20 127 
61 83 18 84 20 26 
61 83 131 84 20 26 
61 83 18 84 20 26 
61 83 131 84 20 26 
61 83 105 84 20 126 
61 83 18 84 20 126 
61 83 105 84 20 47 
61 83 105 84 20 128 
61 83 105 84 20 127 
61 83 18 84 20 127 
61 83 104 84 20 45 
61 83 104 84 20 26 
61 83 104 84 20 45 
61 83 18 84 20 126 
61 83 18 84 20 45 
61 83 131 84 20 45 
61 83 18 84 20 47 
61 83 18 84 20 45 
61 83 104 84 20 47 
61 83 104 84 20 47 
61 83 105 84 20 26 
61 83 18 84 20 26 
61 83 18 84 20 26 
61 83 18 84 20 127 
61 83 131 84 20 26 
61 83 105 84 20 128 
61 83 105 84 20 128 
61 83 105 84 20 128 
61 83 131 84 20 127 
61 83 131 84 20 47 
61 83 105 84 20 126 
61 83 104 84 20 128 
61 83 104 84 20 127 
61 83 18 84 20 26 
61 83 18 84 20 45 
61 83 18 84 20 126 
61 83 18 84 20 126 
61 83 18 84 20 126 
61 83 105 84 20 126 
61 83 105 84 20 126 
61 83 131 84 20 45 
61 83 105 84 20 127 
61 83 131 84 20 47 
61 83 104 84 20 26 
61 83 104 84 20 45 
61 83 105 84 20 126 
61 83 104 84 20 126 
61 83 105 84 20 127 
61 83 104 84 20 126 
61 83 18 84 20 47 
61 83 131 84 20 47 
61 83 131 84 20 26 
61 83 105 84 20 126 
61 83 104 84 20 128 
61 83 105 84 20 128 
61 83 18 84 20 126 
61 83 18 84 20 126 
61 83 18 84 20 126 
61 83 104 84 20 45 
61 83 104 84 20 45 
61 83 104 84 20 126 
61 83 131 84 20 127 
61 83 104 84 20 126 
61 83 105 84 20 47 
61 83 131 84 20 26 
61 83 131 84 20 47 
61 83 104 84 20 128 
61 83 18 84 20 127 
61 83 18 84 20 127 
61 83 104 84 20 45 
61 83 131 84 20 45 
61 83 131 84 20 45 
61 83 131 84 20 45 
61 83 18 84 20 45 
61 83 105 84 20 128 
61 83 131 84 20 126 
61 83 131 84 20 126 
61 83 104 84 20 126 
61 83 104 84 20 126 
61 83 131 84 20 126 
61 83 104 84 20 26 
61 83 131 84 20 45 
61 83 104 84 20 26 
61 83 105 84 20 26 
61 83 105 84 20 127 
61 83 18 84 20 45 
61 83 18 84 20 45 
61 83 18 84 20 45 
61 83 104 84 20 26 
61 83 18 84 20 128 
61 83 105 84 20 128 
61 83 131 84 20 47 
61 83 104 84 20 126 
61 83 104 84 20 126 
61 83 104 84 20 126 
61 83 18 84 20 127 
61 83 18 84 20 126 
61 83 18 84 20 126 
61 83 18 84 20 126 
61 83 104 84 20 45 
61 83 18 84 20 47 
61 83 18 84 20 47 
61 83 18 84 20 47 
61 83 105 84 20 128 
61 83 105 84 20 45 
61 83 105 84 20 45 
61 83 105 84 20 45 
61 83 18 84 20 26 
61 83 18 84 20 26 
61 83 18 84 20 47 
61 83 18 84 20 127 
61 83 105 84 20 47 
61 83 105 84 20 128 
61 83 104 84 20 47 
61 83 18 84 20 45 
61 83 104 84 20 45 
61 83 105 84 20 126 
61 83 105 84 20 126 
61 83 105 84 20 126 
61 83 104 84 20 127 
61 83 131 84 20 26 
61 83 131 84 20 127 
61 83 105 84 20 128 
61 83 131 84 20 26 
61 83 18 84 20 47 
61 83 131 84 20 45 
61 83 131 84 20 45 
61 83 104 84 20 126 
61 83 105 84 20 126 
61 83 104 84 20 26 
61 83 18 84 20 126 
61 83 104 84 20 128 
61 83 18 84 20 126 
61 83 18 84 20 47 
61 83 104 84 20 45 
61 83 104 84 20 127 
61 83 104 84 20 127 
61 83 104 84 20 127 
61 83 104 84 20 26 
61 83 18 84 20 26 
61 83 105 84 20 47 
61 83 131 84 20 128 
61 83 18 84 20 45 
61 83 131 84 20 47 
61 83 131 84 20 47 
61 83 104 84 20 47 
61 83 104 84 20 47 
61 83 104 84 20 47 
61 83 105 84 20 128 
61 83 104 84 20 45 
61 83 105 84 20 26 
61 83 131 84 20 26 
61 83 131 84 20 45 
61 83 104 84 20 127 
61 83 104 84 20 127 
61 83 18 84 20 127 
61 83 18 84 20 127 
61 83 104 84 20 127 
61 83 105 84 20 126 
61 83 105 84 20 126 
61 83 18 84 20 45 
61 83 18 84 20 45 
61 83 105 84 20 128 
61 83 18 84 20 45 
61 83 104 84 20 127 
61 83 131 84 20 127 
61 83 131 84 20 127 
61 83 105 84 20 128 
61 83 105 84 20 127 
61 83 104 84 20 47 
61 83 105 84 20 127 
61 83 18 84 20 45 
61 83 105 84 20 128 
61 83 18 84 20 127 
61 83 18 84 20 128 
61 83 104 84 20 47 
61 83 104 84 20 47 
61 83 104 84 20 128 
61 83 18 84 20 127 
61 83 131 84 20 127 
61 83 105 84 20 126 
61 83 18 84 20 126 
61 83 131 84 20 126 
61 83 18 84 20 128 
61 83 131 84 20 126 
61 83 105 84 20 127 
61 83 105 84 20 127 
61 83 131 84 20 47 
61 83 105 84 20 45 
61 83 105 84 20 45 
61 83 104 84 20 126 
61 83 105 84 20 126 
61 83 104 84 20 126 
61 83 105 84 20 126 
61 83 104 84 20 128 
61 83 105 84 20 47 
61 83 105 84 20 26 
61 83 105 84 20 47 
61 83 104 84 20 47 
61 83 104 84 20 47 
61 83 18 84 20 45 
61 83 104 84 20 126 
61 83 104 84 20 126 
61 83 104 84 20 128 
61 83 105 84 20 47 
61 83 131 84 20 128 
61 83 131 84 20 128 
61 83 131 84 20 128 
61 83 105 84 20 45 
61 83 18 84 20 128 
61 83 104 84 20 26 
61 83 131 84 20 126 
61 83 18 84 20 26 
61 83 18 84 20 26 
61 83 131 84 20 47 
61 83 104 84 20 45 
61 83 104 84 20 128 
61 83 104 84 20 128 
61 83 131 84 20 26 
61 83 131 84 20 26 
61 83 104 84 20 128 
61 83 104 84 20 47 
61 83 104 84 20 47 
61 83 105 84 20 47 
61 83 105 84 20 126 
61 83 104 84 20 45 
61 83 104 84 20 126 
61 83 105 84 20 128 
61 83 105 84 20 126 
61 83 131 84 20 126 
61 83 104 84 20 126 
61 83 104 84 20 127 
61 83 104 84 20 126 
61 83 18 84 20 126 
61 83 18 84 20 26 
61 83 131 84 20 128 
61 83 105 84 20 26 
61 83 131 84 20 128 
61 83 104 84 20 128 
61 83 18 84 20 126 
61 83 131 84 20 47 
61 83 131 84 20 26 
61 83 18 84 20 128 
61 83 131 84 20 26 
61 83 131 84 20 47 
61 83 18 84 20 127 
61 83 105 84 20 26 
61 83 131 84 20 26 
61 83 18 84 20 45 
61 83 105 84 20 47 
61 83 18 84 20 45 
61 83 104 84 20 128 
61 83 131 84 20 26 
61 83 131 84 20 47 
61 83 131 84 20 47 
61 83 131 84 20 127 
61 83 131 84 20 127 
61 83 105 84 20 45 
61 83 18 84 20 126 
61 83 18 84 20 127 
61 83 104 84 20 128 
61 83 131 84 20 128 
61 83 105 84 20 126 
61 83 131 84 20 126 
61 83 104 84 20 26 
61 83 105 84 20 47 
61 83 105 84 20 47 
61 83 131 84 20 26 
61 83 18 84 20 127 
61 83 105 84 20 26 
61 83 131 84 20 26 
61 83 104 84 20 127 
61 83 131 84 20 45 
61 83 18 84 20 127 
61 83 18 84 20 127 
61 83 105 84 20 126 
61 83 105 84 20 126 
61 83 131 84 20 128 
61 83 104 84 20 128 
61 83 131 84 20 45 
61 83 105 84 20 128 
61 83 18 84 20 26 
61 83 104 84 20 26 
61 83 131 84 20 47 
61 83 18 84 20 128 
61 83 18 84 20 26 
61 83 105 84 20 126 
61 83 18 84 20 45 
61 83 105 84 20 45 
61 83 105 84 20 45 
61 83 105 84 20 128 
61 83 18 84 20 128 
61 83 105 84 20 128 
61 83 18 84 20 128 
61 83 105 84 20 127 
61 83 104 84 20 47 
61 83 18 84 20 26 
61 83 104 84 20 45 
61 83 18 84 20 45 
61 83 131 84 20 26 
61 83 131 84 20 47 
61 83 131 84 20 47 
61 83 105 84 20 47 
61 83 131 84 20 128 
61 83 131 84 20 126 
61 83 18 84 20 45 
61 83 105 84 20 126 
61 83 104 84 20 128 
61 83 105 84 20 127 
61 83 105 84 20 127 
61 83 18 84 20 45 
61 83 18 84 20 45 
61 83 18 84 20 128 
61 83 18 84 20 128 
61 83 104 84 20 45 
61 83 105 84 20 128 
61 83 18 84 20 127 
61 83 105 84 20 47 
61 83 18 84 20 45 
61 83 18 84 20 45 
61 83 104 84 20 47 
61 83 104 84 20 47 
61 83 131 84 20 126 
61 83 104 84 20 45 
61 83 105 84 20 128 
61 83 104 84 20 128 
61 83 104 84 20 26 
61 83 105 84 20 128 
61 83 105 84 20 128 
61 83 104 84 20 128 
61 83 18 84 20 127 
61 83 104 84 20 47 
61 83 104 84 20 45 
61 83 104 84 20 47 
61 83 18 84 20 128 
61 83 131 84 20 126 
61 83 131 84 20 128 
61 83 131 84 20 126 
61 83 104 84 20 47 
61 83 104 84 20 47 
61 83 131 84 20 26 
61 83 131 84 20 47 
61 83 104 84 20 26 
61 83 104 84 20 128 
61 83 105 84 20 126 
61 83 18 84 20 47 
61 83 131 84 20 47 
61 83 18 84 20 47 
61 83 105 84 20 45 
61 83 131 84 20 45 
61 83 104 84 20 127 
61 83 104 84 20 127 
61 83 104 84 20 26 
61 83 104 84 20 26 
61 83 105 84 20 126 
61 83 105 84 20 26 
61 83 105 84 20 45 
61 83 18 84 20 127 
61 83 18 84 20 47 
61 83 104 84 20 127 
61 83 104 84 20 47 
61 83 104 84 20 47 
61 83 131 84 20 126 
61 83 18 84 20 126 
61 83 105 84 20 127 
61 83 131 84 20 47 
61 83 131 84 20 127 
61 83 104 84 20 126 
61 83 131 84 20 127 
61 83 104 84 20 45 
61 83 131 84 20 127 
61 83 131 84 20 128 
61 83 18 84 20 128 
61 83 104 84 20 26 
61 83 18 84 20 126 
61 83 131 84 20 47 
61 83 131 84 20 126 
61 83 131 84 20 47 
61 83 104 84 20 127 
61 83 18 84 20 128 
61 83 105 84 20 128 
61 83 105 84 20 128 
61 83 18 84 20 47 
61 83 18 84 20 47 
61 83 18 84 20 47 
61 83 105 84 20 128 
61 83 18 84 20 127 
61 83 105 84 20 128 
61 83 105 84 20 126 
61 83 18 84 20 47 
61 83 104 84 20 126 
61 83 104 84 20 126 
61 83 18 84 20 26 
61 83 105 84 20 47 
61 83 105 84 20 26 
61 83 18 84 20 128 
61 83 18 84 20 128 
61 83 105 84 20 47 
61 83 104 84 20 26 
61 83 105 84 20 26 
61 83 18 84 20 126 
61 83 18 84 20 26 
61 83 18 84 20 45 
61 83 131 84 20 126 
61 83 18 84 20 45 
61 83 105 84 20 127 
61 83 18 84 20 128 
61 83 105 84 20 47 
61 83 105 84 20 47 
61 83 131 84 20 126 
61 83 105 84 20 126 
61 83 105 84 20 45 
61 83 104 84 20 128 
61 83 18 84 20 128 
61 83 104 84 20 127 
61 83 105 84 20 128 
61 83 131 84 20 128 
61 83 105 84 20 128 
61 83 105 84 20 126 
61 83 104 84 20 126 
61 83 18 84 20 127 
61 83 131 84 20 128 
61 83 105 84 20 127 
61 83 105 84 20 127 
61 83 104 84 20 45 
61 83 131 84 20 47 
61 83 104 84 20 47 
61 83 104 84 20 47 
61 83 104 84 20 128 
61 83 131 84 20 126 
61 83 18 84 20 47 
61 83 18 84 20 47 
61 83 18 84 20 47 
61 83 18 84 20 128 
61 83 104 84 20 26 
61 83 131 84 20 47 
61 83 105 84 20 26 
61 83 105 84 20 45 
61 83 18 84 20 45 
61 83 104 84 20 128 
61 83 105 84 20 26 
61 83 18 84 20 128 
61 83 131 84 20 26 
61 83 131 84 20 26 
61 83 104 84 20 128 
