13 2 124 88 20 47 
13 2 20 41 122 88 
13 2 124 88 20 41 
13 2 20 44 122 88 
13 2 20 26 122 88 
13 2 20 45 124 88 
13 2 123 88 20 45 
13 2 123 88 20 44 
13 2 123 88 20 44 
13 2 122 88 20 44 
13 2 124 88 20 26 
13 2 20 47 125 88 
13 2 20 35 125 88 
13 2 20 45 122 88 
13 2 20 35 122 88 
13 2 20 26 122 88 
13 2 20 26 122 88 
13 2 20 45 123 88 
13 2 20 41 124 88 
13 2 20 26 125 88 
13 2 20 35 125 88 
13 2 20 26 125 88 
13 2 125 88 20 47 
13 2 125 88 20 41 
13 2 20 35 123 88 
13 2 20 41 124 88 
13 2 20 41 123 88 
13 2 124 88 20 41 
13 2 20 26 122 88 
13 2 124 88 20 47 
13 2 20 45 125 88 
13 2 20 26 124 88 
13 2 20 47 123 88 
13 2 20 45 125 88 
13 2 125 88 20 47 
13 2 123 88 20 35 
13 2 20 35 123 88 
13 2 20 44 125 88 
13 2 122 88 20 41 
13 2 122 88 20 26 
13 2 20 45 125 88 
13 2 125 88 20 26 
13 2 124 88 20 35 
13 2 20 41 124 88 
13 2 20 45 125 88 
13 2 123 88 20 44 
13 2 124 88 20 45 
13 2 125 88 20 45 
13 2 20 45 122 88 
13 2 122 88 20 26 
13 2 125 88 20 47 
13 2 123 88 20 45 
13 2 20 44 125 88 
13 2 20 45 123 88 
13 2 123 88 20 45 
13 2 20 41 122 88 
13 2 124 88 20 41 
13 2 123 88 20 26 
13 2 123 88 20 35 
13 2 20 41 125 88 
13 2 20 35 123 88 
13 2 123 88 20 44 
13 2 20 35 125 88 
13 2 124 88 20 44 
13 2 20 47 122 88 
13 2 20 35 123 88 
13 2 20 45 122 88 
13 2 122 88 20 26 
13 2 20 45 124 88 
13 2 123 88 20 35 
13 2 125 88 20 41 
13 2 20 47 123 88 
13 2 20 41 124 88 
13 2 125 88 20 35 
13 2 20 35 123 88 
13 2 124 88 20 35 
13 2 123 88 20 41 
13 2 20 41 124 88 
13 2 124 88 20 35 
13 2 123 88 20 35 
13 2 124 88 20 41 
13 2 20 44 125 88 
13 2 124 88 20 41 
13 2 122 88 20 26 
13 2 125 88 20 35 
13 2 125 88 20 45 
13 2 123 88 20 45 
13 2 123 88 20 45 
13 2 20 35 122 88 
13 2 123 88 20 35 
13 2 125 88 20 26 
13 2 20 47 125 88 
13 2 122 88 20 47 
13 2 125 88 20 41 
13 2 20 44 123 88 
13 2 122 88 20 26 
13 2 20 44 125 88 
13 2 20 44 123 88 
13 2 20 41 124 88 
13 2 20 35 125 88 
13 2 122 88 20 41 
13 2 20 44 125 88 
13 2 122 88 20 44 
13 2 20 41 123 88 
13 2 20 41 122 88 
13 2 123 88 20 26 
13 2 20 41 122 88 
13 2 20 26 123 88 
13 2 125 88 20 26 
13 2 20 41 125 88 
13 2 20 41 125 88 
13 2 125 88 20 35 
13 2 20 44 123 88 
13 2 20 26 124 88 
13 2 20 41 124 88 
13 2 122 88 20 47 
13 2 20 41 123 88 
13 2 125 88 20 41 
13 2 124 88 20 44 
13 2 20 26 123 88 
13 2 123 88 20 41 
13 2 20 45 125 88 
13 2 20 26 125 88 
13 2 20 47 125 88 
13 2 20 26 124 88 
13 2 20 35 122 88 
13 2 125 88 20 26 
13 2 125 88 20 44 
13 2 20 35 124 88 
13 2 20 47 123 88 
13 2 123 88 20 41 
13 2 125 88 20 41 
13 2 20 47 123 88 
13 2 122 88 20 41 
13 2 122 88 20 45 
13 2 20 47 122 88 
13 2 125 88 20 45 
13 2 20 35 123 88 
13 2 20 44 122 88 
13 2 125 88 20 26 
13 2 122 88 20 44 
13 2 125 88 20 41 
13 2 125 88 20 47 
13 2 123 88 20 41 
13 2 122 88 20 35 
13 2 123 88 20 35 
13 2 20 35 122 88 
13 2 20 41 123 88 
13 2 20 47 124 88 
13 2 122 88 20 26 
13 2 20 35 124 88 
13 2 20 41 124 88 
13 2 20 45 125 88 
13 2 20 44 124 88 
13 2 124 88 20 26 
13 2 20 45 125 88 
13 2 20 47 122 88 
13 2 20 45 125 88 
13 2 20 41 122 88 
13 2 125 88 20 45 
13 2 124 88 20 41 
13 2 20 41 122 88 
13 2 125 88 20 47 
13 2 20 47 122 88 
13 2 20 47 125 88 
13 2 123 88 20 26 
13 2 124 88 20 35 
13 2 20 41 125 88 
13 2 122 88 20 47 
13 2 123 88 20 35 
13 2 20 35 125 88 
13 2 123 88 20 35 
13 2 20 47 123 88 
13 2 122 88 20 26 
13 2 20 45 124 88 
13 2 123 88 20 45 
13 2 20 47 124 88 
13 2 125 88 20 44 
13 2 20 47 125 88 
13 2 20 26 122 88 
13 2 125 88 20 45 
13 2 20 26 123 88 
13 2 125 88 20 44 
13 2 123 88 20 41 
13 2 20 26 124 88 
13 2 20 44 124 88 
13 2 20 35 125 88 
13 2 20 35 123 88 
13 2 122 88 20 35 
13 2 20 44 123 88 
13 2 20 26 123 88 
13 2 20 47 122 88 
13 2 20 41 124 88 
13 2 20 47 122 88 
13 2 20 45 122 88 
13 2 20 26 124 88 
13 2 125 88 20 35 
13 2 124 88 20 35 
13 2 20 35 124 88 
13 2 125 88 20 35 
13 2 124 88 20 35 
13 2 124 88 20 47 
13 2 122 88 20 47 
13 2 20 45 123 88 
13 2 122 88 20 44 
13 2 125 88 20 45 
13 2 20 45 122 88 
13 2 124 88 20 41 
13 2 20 26 124 88 
13 2 20 44 122 88 
13 2 124 88 20 41 
13 2 125 88 20 26 
13 2 20 45 123 88 
13 2 123 88 20 41 
13 2 20 47 124 88 
13 2 20 45 124 88 
13 2 20 45 122 88 
13 2 123 88 20 44 
13 2 125 88 20 45 
13 2 20 44 122 88 
13 2 20 47 122 88 
13 2 122 88 20 41 
13 2 122 88 20 47 
13 2 20 45 123 88 
13 2 20 35 122 88 
13 2 20 45 122 88 
13 2 20 35 124 88 
13 2 20 44 125 88 
13 2 123 88 20 45 
13 2 20 35 125 88 
13 2 123 88 20 35 
13 2 125 88 20 44 
13 2 20 45 123 88 
13 2 122 88 20 47 
13 2 20 44 123 88 
13 2 20 44 123 88 
13 2 20 44 122 88 
13 2 123 88 20 45 
13 2 122 88 20 35 
13 2 20 45 123 88 
13 2 123 88 20 26 
13 2 20 41 123 88 
13 2 123 88 20 41 
13 2 125 88 20 35 
13 2 20 47 123 88 
13 2 125 88 20 26 
13 2 125 88 20 45 
13 2 124 88 20 45 
13 2 20 41 123 88 
13 2 124 88 20 44 
13 2 20 47 125 88 
13 2 122 88 20 45 
13 2 20 35 124 88 
13 2 125 88 20 47 
13 2 122 88 20 45 
13 2 20 47 124 88 
13 2 20 45 125 88 
13 2 20 41 125 88 
13 2 20 41 123 88 
13 2 20 41 125 88 
13 2 125 88 20 35 
13 2 20 45 123 88 
13 2 20 44 122 88 
13 2 20 47 125 88 
13 2 20 45 123 88 
13 2 125 88 20 35 
13 2 20 41 122 88 
13 2 20 45 123 88 
13 2 20 41 122 88 
13 2 124 88 20 45 
13 2 125 88 20 35 
13 2 124 88 20 44 
13 2 20 45 123 88 
13 2 20 26 122 88 
13 2 20 44 125 88 
13 2 123 88 20 26 
13 2 20 41 123 88 
13 2 124 88 20 47 
13 2 20 45 125 88 
13 2 20 44 122 88 
13 2 124 88 20 47 
13 2 124 88 20 47 
13 2 125 88 20 35 
13 2 20 47 123 88 
13 2 20 47 123 88 
13 2 122 88 20 41 
13 2 20 41 123 88 
13 2 20 35 124 88 
13 2 20 41 122 88 
13 2 20 41 124 88 
13 2 124 88 20 41 
13 2 20 35 125 88 
13 2 123 88 20 41 
13 2 20 47 122 88 
13 2 20 44 123 88 
13 2 124 88 20 47 
13 2 122 88 20 44 
13 2 20 41 124 88 
13 2 125 88 20 35 
13 2 122 88 20 47 
13 2 122 88 20 45 
13 2 125 88 20 35 
13 2 125 88 20 41 
13 2 125 88 20 44 
13 2 20 41 122 88 
13 2 20 26 124 88 
13 2 125 88 20 47 
13 2 123 88 20 41 
13 2 122 88 20 35 
13 2 20 47 123 88 
13 2 123 88 20 45 
13 2 124 88 20 41 
13 2 122 88 20 47 
13 2 124 88 20 26 
13 2 20 41 125 88 
13 2 20 41 125 88 
13 2 20 45 123 88 
13 2 123 88 20 26 
13 2 123 88 20 44 
13 2 20 35 123 88 
13 2 20 45 124 88 
13 2 125 88 20 41 
13 2 20 44 124 88 
13 2 123 88 20 41 
13 2 20 35 124 88 
13 2 20 47 122 88 
13 2 125 88 20 44 
13 2 122 88 20 44 
13 2 20 41 124 88 
13 2 123 88 20 44 
13 2 20 41 122 88 
13 2 125 88 20 45 
13 2 124 88 20 44 
13 2 20 44 124 88 
13 2 123 88 20 47 
13 2 20 41 123 88 
13 2 123 88 20 45 
13 2 20 44 124 88 
13 2 125 88 20 44 
13 2 125 88 20 45 
13 2 20 35 122 88 
13 2 125 88 20 44 
13 2 123 88 20 26 
13 2 124 88 20 35 
13 2 20 44 123 88 
13 2 20 41 124 88 
13 2 125 88 20 44 
13 2 125 88 20 41 
13 2 124 88 20 47 
13 2 122 88 20 41 
13 2 122 88 20 47 
13 2 20 35 124 88 
13 2 125 88 20 47 
13 2 124 88 20 41 
13 2 20 45 124 88 
13 2 20 45 124 88 
13 2 122 88 20 45 
13 2 123 88 20 26 
13 2 20 26 124 88 
13 2 20 35 122 88 
13 2 124 88 20 44 
13 2 20 26 123 88 
13 2 122 88 20 41 
13 2 20 45 125 88 
13 2 20 26 124 88 
13 2 122 88 20 41 
13 2 123 88 20 45 
13 2 20 41 122 88 
13 2 123 88 20 45 
13 2 125 88 20 35 
13 2 123 88 20 47 
13 2 20 45 125 88 
13 2 20 44 123 88 
13 2 123 88 20 44 
13 2 122 88 20 26 
13 2 20 26 123 88 
13 2 20 35 125 88 
13 2 20 45 122 88 
13 2 20 41 125 88 
13 2 20 45 123 88 
13 2 20 35 122 88 
13 2 20 41 125 88 
13 2 123 88 20 45 
13 2 125 88 20 26 
13 2 20 35 125 88 
13 2 125 88 20 44 
13 2 123 88 20 35 
13 2 20 41 123 88 
13 2 122 88 20 47 
13 2 20 26 122 88 
13 2 20 45 122 88 
13 2 20 45 124 88 
13 2 122 88 20 35 
13 2 20 45 122 88 
13 2 20 44 122 88 
13 2 122 88 20 47 
13 2 123 88 20 47 
13 2 20 47 122 88 
13 2 122 88 20 41 
13 2 20 26 124 88 
13 2 123 88 20 35 
13 2 125 88 20 35 
13 2 20 44 122 88 
13 2 125 88 20 35 
13 2 124 88 20 44 
13 2 20 45 123 88 
13 2 20 41 124 88 
13 2 123 88 20 35 
13 2 20 35 122 88 
13 2 20 26 124 88 
13 2 122 88 20 45 
13 2 20 41 122 88 
13 2 123 88 20 26 
13 2 124 88 20 44 
13 2 123 88 20 45 
13 2 125 88 20 45 
13 2 20 47 124 88 
13 2 124 88 20 47 
13 2 20 41 123 88 
13 2 20 35 123 88 
13 2 20 44 122 88 
13 2 20 35 122 88 
13 2 124 88 20 41 
13 2 20 45 125 88 
13 2 20 41 125 88 
13 2 122 88 20 35 
13 2 123 88 20 47 
13 2 20 44 124 88 
13 2 125 88 20 47 
13 2 124 88 20 26 
13 2 125 88 20 44 
13 2 124 88 20 44 
13 2 20 47 122 88 
13 2 20 35 123 88 
13 2 124 88 20 47 
13 2 122 88 20 47 
13 2 20 47 122 88 
13 2 20 35 122 88 
13 2 125 88 20 41 
13 2 122 88 20 41 
13 2 124 88 20 41 
13 2 20 26 124 88 
13 2 20 47 123 88 
13 2 123 88 20 41 
13 2 20 44 122 88 
13 2 20 45 124 88 
13 2 20 47 122 88 
13 2 20 47 123 88 
13 2 20 45 124 88 
13 2 20 45 124 88 
13 2 122 88 20 45 
13 2 20 41 124 88 
13 2 125 88 20 45 
13 2 125 88 20 44 
13 2 122 88 20 35 
13 2 20 26 123 88 
13 2 124 88 20 44 
13 2 20 45 124 88 
13 2 20 26 123 88 
13 2 20 26 122 88 
13 2 123 88 20 41 
13 2 20 45 124 88 
13 2 20 41 123 88 
13 2 125 88 20 35 
13 2 20 47 124 88 
13 2 20 41 122 88 
13 2 124 88 20 44 
13 2 124 88 20 47 
13 2 20 35 122 88 
13 2 122 88 20 45 
13 2 20 45 122 88 
13 2 20 45 125 88 
13 2 122 88 20 44 
13 2 124 88 20 41 
13 2 20 26 122 88 
13 2 20 35 124 88 
13 2 20 44 122 88 
13 2 123 88 20 26 
13 2 20 26 125 88 
13 2 124 88 20 44 
13 2 122 88 20 41 
13 2 20 45 125 88 
13 2 20 35 125 88 
13 2 20 45 124 88 
13 2 20 44 123 88 
13 2 20 47 124 88 
13 2 20 45 123 88 
13 2 20 47 124 88 
13 2 20 44 125 88 
13 2 123 88 20 41 
13 2 123 88 20 45 
13 2 20 44 125 88 
13 2 20 35 122 88 
13 2 124 88 20 41 
13 2 122 88 20 26 
13 2 123 88 20 47 
13 2 20 47 125 88 
13 2 20 35 124 88 
13 2 124 88 20 26 
13 2 125 88 20 44 
13 2 20 41 125 88 
13 2 122 88 20 41 
13 2 125 88 20 45 
13 2 125 88 20 41 
13 2 20 35 122 88 
13 2 124 88 20 47 
13 2 20 47 123 88 
13 2 20 41 124 88 
13 2 20 26 123 88 
13 2 122 88 20 45 
13 2 124 88 20 45 
13 2 124 88 20 47 
13 2 20 41 122 88 
13 2 20 45 125 88 
13 2 20 41 123 88 
13 2 123 88 20 35 
13 2 123 88 20 47 
13 2 20 35 122 88 
13 2 20 44 125 88 
13 2 20 35 123 88 
13 2 123 88 20 44 
13 2 20 44 122 88 
13 2 124 88 20 26 
13 2 20 41 123 88 
13 2 20 44 123 88 
13 2 20 44 123 88 
13 2 20 47 123 88 
13 2 122 88 20 47 
13 2 123 88 20 41 
13 2 123 88 20 45 
13 2 125 88 20 26 
13 2 20 26 122 88 
13 2 125 88 20 41 
13 2 20 41 122 88 
13 2 125 88 20 41 
13 2 20 35 125 88 
13 2 124 88 20 35 
13 2 20 44 122 88 
13 2 122 88 20 41 
13 2 123 88 20 44 
13 2 20 45 123 88 
13 2 20 41 125 88 
13 2 20 35 125 88 
13 2 122 88 20 47 
13 2 123 88 20 44 
13 2 20 44 124 88 
13 2 20 41 122 88 
13 2 20 45 123 88 
13 2 122 88 20 35 
13 2 20 47 125 88 
13 2 122 88 20 41 
13 2 20 44 124 88 
13 2 125 88 20 35 
13 2 122 88 20 44 
13 2 20 44 122 88 
13 2 125 88 20 45 
13 2 122 88 20 45 
13 2 124 88 20 35 
13 2 20 35 125 88 
13 2 20 35 124 88 
13 2 125 88 20 41 
13 2 125 88 20 41 
13 2 123 88 20 26 
13 2 124 88 20 26 
13 2 20 26 123 88 
13 2 122 88 20 45 
13 2 20 35 122 88 
13 2 122 88 20 26 
13 2 123 88 20 44 
13 2 122 88 20 47 
13 2 20 47 124 88 
13 2 20 35 123 88 
13 2 125 88 20 26 
13 2 20 41 123 88 
13 2 125 88 20 44 
13 2 122 88 20 44 
13 2 20 26 124 88 
13 2 124 88 20 35 
13 2 20 35 125 88 
13 2 20 26 124 88 
13 2 122 88 20 26 
13 2 20 45 125 88 
13 2 124 88 20 45 
13 2 123 88 20 44 
13 2 122 88 20 35 
13 2 20 45 123 88 
13 2 20 45 123 88 
13 2 20 41 123 88 
13 2 20 26 124 88 
13 2 20 45 125 88 
13 2 20 35 125 88 
13 2 125 88 20 41 
13 2 20 47 125 88 
13 2 20 45 124 88 
13 2 20 26 124 88 
13 2 124 88 20 45 
13 2 20 41 125 88 
13 2 122 88 20 35 
13 2 20 26 125 88 
13 2 122 88 20 41 
13 2 122 88 20 47 
13 2 20 41 125 88 
13 2 125 88 20 45 
13 2 20 26 124 88 
13 2 20 26 123 88 
13 2 20 47 123 88 
13 2 20 35 122 88 
13 2 20 47 124 88 
13 2 123 88 20 44 
13 2 125 88 20 45 
13 2 20 45 123 88 
13 2 20 47 123 88 
13 2 122 88 20 41 
13 2 125 88 20 41 
13 2 122 88 20 35 
13 2 124 88 20 35 
13 2 125 88 20 35 
13 2 125 88 20 35 
13 2 20 26 123 88 
13 2 124 88 20 26 
13 2 125 88 20 41 
13 2 20 41 124 88 
13 2 122 88 20 26 
13 2 20 45 124 88 
13 2 124 88 20 45 
13 2 20 47 122 88 
13 2 123 88 20 47 
13 2 125 88 20 41 
13 2 125 88 20 41 
13 2 20 26 123 88 
13 2 122 88 20 47 
13 2 123 88 20 47 
13 2 124 88 20 47 
13 2 20 26 125 88 
13 2 122 88 20 35 
13 2 122 88 20 45 
13 2 20 26 123 88 
13 2 125 88 20 26 
13 2 125 88 20 45 
13 2 125 88 20 47 
13 2 125 88 20 41 
13 2 122 88 20 35 
13 2 20 41 125 88 
13 2 123 88 20 47 
13 2 20 26 122 88 
13 2 20 35 124 88 
13 2 125 88 20 35 
13 2 20 44 125 88 
13 2 20 41 122 88 
13 2 123 88 20 26 
13 2 123 88 20 41 
13 2 20 26 125 88 
13 2 123 88 20 35 
13 2 20 47 124 88 
13 2 123 88 20 44 
13 2 20 35 125 88 
13 2 20 26 122 88 
13 2 20 35 122 88 
13 2 20 44 123 88 
13 2 20 45 123 88 
13 2 20 35 125 88 
13 2 20 26 123 88 
13 2 20 26 123 88 
13 2 123 88 20 47 
13 2 122 88 20 44 
13 2 125 88 20 44 
13 2 20 35 125 88 
13 2 20 47 125 88 
13 2 124 88 20 45 
13 2 122 88 20 45 
13 2 122 88 20 45 
13 2 20 47 124 88 
13 2 125 88 20 35 
13 2 123 88 20 45 
13 2 123 88 20 41 
13 2 20 45 123 88 
13 2 122 88 20 41 
13 2 20 35 125 88 
13 2 122 88 20 45 
13 2 20 45 124 88 
13 2 20 35 125 88 
13 2 20 45 123 88 
13 2 20 45 124 88 
13 2 123 88 20 26 
13 2 122 88 20 45 
13 2 20 45 122 88 
13 2 122 88 20 44 
13 2 122 88 20 44 
13 2 122 88 20 41 
13 2 20 45 125 88 
13 2 20 35 122 88 
13 2 124 88 20 41 
13 2 20 44 125 88 
13 2 20 47 122 88 
13 2 20 47 125 88 
13 2 125 88 20 35 
13 2 123 88 20 26 
13 2 124 88 20 35 
13 2 20 47 122 88 
13 2 20 41 125 88 
13 2 123 88 20 45 
13 2 20 44 122 88 
13 2 20 44 124 88 
13 2 20 44 124 88 
13 2 125 88 20 35 
13 2 20 45 122 88 
13 2 20 26 124 88 
13 2 20 41 122 88 
13 2 122 88 20 26 
13 2 125 88 20 44 
13 2 20 35 122 88 
13 2 20 47 124 88 
13 2 124 88 20 26 
13 2 123 88 20 26 
13 2 20 35 125 88 
13 2 20 35 122 88 
13 2 20 44 123 88 
13 2 20 44 122 88 
13 2 124 88 20 41 
13 2 124 88 20 44 
13 2 20 26 125 88 
13 2 125 88 20 44 
13 2 20 45 125 88 
13 2 20 47 123 88 
13 2 20 41 122 88 
13 2 122 88 20 44 
13 2 20 35 125 88 
13 2 125 88 20 41 
13 2 125 88 20 44 
13 2 20 47 123 88 
13 2 123 88 20 45 
13 2 20 44 124 88 
13 2 20 35 122 88 
13 2 20 41 122 88 
13 2 20 47 124 88 
13 2 125 88 20 47 
13 2 124 88 20 26 
13 2 20 35 123 88 
13 2 20 44 125 88 
13 2 20 26 123 88 
13 2 20 35 125 88 
13 2 20 35 123 88 
13 2 123 88 20 44 
13 2 20 41 122 88 
13 2 125 88 20 35 
13 2 20 47 122 88 
13 2 20 45 125 88 
13 2 20 26 124 88 
13 2 122 88 20 45 
13 2 20 35 123 88 
13 2 20 45 124 88 
13 2 123 88 20 26 
13 2 123 88 20 26 
13 2 123 88 20 35 
13 2 20 41 124 88 
13 2 123 88 20 41 
13 2 124 88 20 44 
13 2 123 88 20 45 
13 2 124 88 20 45 
13 2 20 44 123 88 
13 2 125 88 20 26 
13 2 125 88 20 47 
13 2 122 88 20 44 
13 2 20 44 124 88 
13 2 20 35 124 88 
13 2 122 88 20 26 
13 2 124 88 20 26 
13 2 20 26 125 88 
13 2 20 47 123 88 
13 2 20 26 123 88 
13 2 122 88 20 26 
13 2 20 35 122 88 
13 2 124 88 20 45 
13 2 125 88 20 44 
13 2 123 88 20 45 
13 2 20 44 124 88 
13 2 20 35 123 88 
13 2 20 44 125 88 
13 2 20 44 124 88 
13 2 125 88 20 45 
13 2 20 26 125 88 
13 2 20 41 125 88 
13 2 20 41 122 88 
13 2 20 41 122 88 
13 2 123 88 20 45 
13 2 125 88 20 44 
13 2 123 88 20 44 
13 2 20 45 124 88 
13 2 20 41 122 88 
13 2 122 88 20 41 
13 2 20 44 125 88 
13 2 20 35 123 88 
13 2 20 35 125 88 
13 2 123 88 20 35 
13 2 20 47 122 88 
13 2 124 88 20 44 
13 2 124 88 20 41 
13 2 125 88 20 47 
13 2 20 26 123 88 
13 2 20 44 125 88 
13 2 20 44 125 88 
13 2 20 47 122 88 
13 2 20 44 123 88 
13 2 20 26 122 88 
13 2 20 26 124 88 
13 2 20 47 125 88 
13 2 124 88 20 44 
13 2 20 26 124 88 
13 2 20 41 124 88 
13 2 122 88 20 45 
13 2 20 41 123 88 
13 2 20 35 122 88 
13 2 123 88 20 47 
13 2 124 88 20 35 
13 2 123 88 20 45 
13 2 125 88 20 44 
13 2 20 44 123 88 
13 2 20 41 122 88 
13 2 20 26 124 88 
13 2 125 88 20 41 
13 2 20 26 124 88 
13 2 123 88 20 47 
13 2 125 88 20 47 
13 2 20 41 122 88 
13 2 20 41 124 88 
13 2 20 35 125 88 
13 2 124 88 20 44 
13 2 20 47 123 88 
13 2 20 35 125 88 
13 2 20 47 123 88 
13 2 122 88 20 47 
13 2 20 44 123 88 
13 2 20 35 125 88 
13 2 20 45 125 88 
13 2 20 26 123 88 
13 2 20 47 123 88 
13 2 20 41 122 88 
13 2 124 88 20 35 
13 2 20 35 124 88 
13 2 122 88 20 41 
13 2 124 88 20 44 
13 2 124 88 20 45 
13 2 20 47 124 88 
13 2 122 88 20 41 
13 2 122 88 20 41 
13 2 125 88 20 47 
13 2 125 88 20 35 
13 2 124 88 20 35 
13 2 20 26 125 88 
13 2 20 45 124 88 
13 2 20 47 122 88 
13 2 123 88 20 44 
13 2 20 26 125 88 
13 2 20 44 124 88 
13 2 20 45 123 88 
13 2 123 88 20 47 
13 2 20 47 123 88 
13 2 123 88 20 41 
13 2 20 35 123 88 
13 2 20 26 123 88 
13 2 125 88 20 47 
13 2 125 88 20 41 
13 2 124 88 20 26 
13 2 123 88 20 47 
13 2 20 47 124 88 
13 2 123 88 20 35 
13 2 20 47 123 88 
13 2 122 88 20 44 
13 2 124 88 20 35 
13 2 125 88 20 41 
13 2 124 88 20 45 
13 2 122 88 20 41 
13 2 20 45 123 88 
13 2 122 88 20 47 
13 2 20 41 122 88 
13 2 20 45 124 88 
13 2 20 44 123 88 
13 2 125 88 20 35 
13 2 20 41 125 88 
13 2 20 47 125 88 
13 2 123 88 20 44 
13 2 123 88 20 47 
13 2 20 26 123 88 
13 2 20 45 124 88 
13 2 123 88 20 26 
13 2 124 88 20 44 
13 2 20 44 124 88 
13 2 122 88 20 41 
13 2 20 44 124 88 
13 2 122 88 20 45 
13 2 20 41 125 88 
13 2 123 88 20 47 
13 2 20 47 125 88 
13 2 20 45 124 88 
13 2 125 88 20 44 
13 2 124 88 20 47 
13 2 20 45 125 88 
13 2 20 26 123 88 
13 2 20 35 125 88 
13 2 125 88 20 35 
13 2 20 26 124 88 
13 2 124 88 20 47 
13 2 20 44 124 88 
13 2 20 26 125 88 
13 2 20 47 123 88 
13 2 125 88 20 26 
13 2 122 88 20 45 
13 2 20 26 122 88 
13 2 125 88 20 35 
13 2 20 26 125 88 
13 2 20 47 123 88 
13 2 123 88 20 47 
13 2 124 88 20 35 
13 2 123 88 20 47 
13 2 20 45 122 88 
13 2 20 45 124 88 
13 2 125 88 20 41 
13 2 125 88 20 41 
13 2 124 88 20 47 
13 2 20 45 123 88 
13 2 20 41 125 88 
13 2 124 88 20 45 
13 2 122 88 20 41 
13 2 20 26 122 88 
13 2 20 41 123 88 
13 2 20 35 123 88 
13 2 123 88 20 44 
13 2 122 88 20 45 
13 2 125 88 20 47 
13 2 20 41 125 88 
13 2 124 88 20 26 
13 2 122 88 20 45 
13 2 20 47 125 88 
13 2 125 88 20 26 
13 2 123 88 20 45 
13 2 20 44 122 88 
13 2 122 88 20 26 
13 2 123 88 20 41 
13 2 123 88 20 26 
13 2 20 47 123 88 
13 2 20 26 124 88 
13 2 20 45 124 88 
13 2 124 88 20 35 
13 2 20 45 124 88 
13 2 20 45 124 88 
13 2 124 88 20 35 
13 2 20 47 123 88 
13 2 20 47 125 88 
13 2 20 26 124 88 
13 2 123 88 20 45 
13 2 20 47 125 88 
13 2 123 88 20 26 
13 2 125 88 20 44 
13 2 122 88 20 47 
13 2 125 88 20 47 
13 2 20 26 123 88 
13 2 20 44 123 88 
13 2 122 88 20 44 
13 2 20 47 122 88 
13 2 20 26 125 88 
13 2 122 88 20 41 
13 2 124 88 20 26 
13 2 123 88 20 35 
13 2 125 88 20 44 
13 2 20 47 123 88 
13 2 20 47 123 88 
13 2 20 47 122 88 
13 2 125 88 20 26 
13 2 125 88 20 47 
13 2 122 88 20 45 
13 2 122 88 20 35 
13 2 20 26 124 88 
13 2 20 45 123 88 
13 2 20 44 122 88 
13 2 20 44 122 88 
13 2 20 35 123 88 
13 2 20 35 122 88 
13 2 124 88 20 35 
13 2 125 88 20 45 
13 2 124 88 20 41 
13 2 123 88 20 26 
13 2 124 88 20 47 
13 2 125 88 20 26 
13 2 20 26 125 88 
13 2 20 26 123 88 
13 2 122 88 20 45 
13 2 20 45 123 88 
13 2 20 45 124 88 
13 2 125 88 20 47 
13 2 20 26 122 88 
13 2 123 88 20 47 
13 2 20 35 125 88 
13 2 122 88 20 35 
13 2 20 26 125 88 
13 2 20 26 123 88 
13 2 123 88 20 45 
13 2 20 45 125 88 
13 2 124 88 20 26 
13 2 125 88 20 35 
13 2 20 41 125 88 
