1 2 3 4 5 6 7 8 7 9 10 
13 14 7 1 2 3 4 5 15 8 7 9 16 10 
17 18 3 19 4 5 20 1 2 3 21 
1 2 4 5 22 23 9 
1 2 19 4 5 24 9 25 
4 5 24 9 25 
4 5 22 23 9 16 
4 5 26 27 28 29 25 
4 5 9 19 22 23 30 31 
8 32 4 5 22 23 9 25 
17 19 33 34 4 5 35 22 1 2 3 9 
17 19 36 37 4 5 20 1 2 21 
1 2 38 39 4 5 22 23 9 25 
4 5 40 29 40 21 41 23 10 
4 5 42 29 42 43 44 41 23 10 
4 45 22 23 9 
4 45 24 9 25 
4 45 9 19 26 27 28 29 25 
4 45 42 43 21 41 23 46 
17 19 33 34 4 45 47 48 21 
17 19 36 37 4 45 20 1 2 21 49 25 
4 45 50 51 26 19 52 28 53 54 25 
4 5 9 19 50 51 26 52 28 53 54 25 
26 55 56 1 2 3 19 4 5 22 23 57 25 
26 55 56 1 2 3 19 4 45 48 9 
58 59 33 34 19 4 45 20 1 2 21 41 60 
1 2 19 4 45 42 43 44 41 60 46 
4 45 6 7 8 7 9 
4 45 42 43 21 41 60 46 
4 5 61 62 42 43 63 21 41 23 64 65 25 
4 5 8 41 66 42 43 67 68 46 
4 5 26 42 40 29 40 27 28 
17 18 3 19 4 5 47 48 21 19 
17 18 3 19 4 5 69 
70 71 33 34 19 4 5 69 
72 67 33 34 19 4 5 69 
73 74 22 32 36 37 75 26 76 59 2 19 4 5 69 
74 77 78 22 32 33 34 75 26 76 4 5 79 22 
80 34 19 4 5 79 22 
81 82 33 34 19 4 5 69 
83 84 22 32 36 37 75 26 85 4 5 79 22 
22 32 33 34 75 26 4 5 79 22 76 1 2 19 24 9 25 
4 5 22 14 7 86 87 88 
4 45 42 43 63 86 87 41 23 46 
4 5 26 55 56 22 23 24 9 25 
83 38 19 4 5 20 1 2 21 49 25 
83 38 19 4 45 79 22 
89 90 33 34 91 26 85 19 4 5 79 22 
92 93 33 34 91 26 19 4 5 64 79 22 
4 5 94 40 63 21 41 23 7 10 
1 3 19 4 5 6 7 20 17 18 19 9 95 10 
96 1 3 38 39 97 55 22 23 29 98 99 76 4 5 100 9 25 
4 45 42 43 91 26 2 101 23 102 103 46 10 
1 2 3 19 4 5 62 29 62 9 19 30 31 16 
96 4 45 104 105 42 43 91 26 2 23 86 87 46 
4 5 104 105 106 58 59 33 34 20 76 1 2 35 14 7 86 107 16 
26 108 74 109 110 22 23 111 76 4 5 42 43 67 68 41 112 46 
113 114 38 39 4 5 20 58 59 33 34 115 116 23 76 26 2 117 118 64 42 43 119 120 
1 2 91 26 19 4 5 20 121 121 33 34 19 9 76 113 114 40 44 23 64 65 25 
1 8 32 4 5 6 7 20 58 59 33 34 19 9 76 26 122 123 26 38 29 25 
26 124 61 41 32 96 26 72 125 53 54 126 19 4 45 76 26 69 40 38 
29 65 127 128 76 26 122 123 96 1 2 8 38 29 25 76 91 26 19 38 39 4 5 22 23 28 29 25 
113 114 1 2 4 5 63 21 23 76 26 64 42 43 27 28 
1 2 33 34 129 130 19 4 45 20 26 106 58 59 33 34 131 19 9 
26 19 72 125 29 62 48 9 76 4 5 24 9 19 132 76 43 133 94 134 135 20 136 137 138 
8 7 9 19 4 5 76 43 133 94 38 19 139 138 24 140 25 
1 2 19 4 5 6 7 15 8 7 9 
1 3 4 5 22 23 9 16 76 26 43 133 42 40 15 22 141 130 19 142 143 
4 5 19 144 47 20 26 145 146 9 25 76 26 41 23 29 98 99 16 
1 2 129 130 19 4 45 122 123 147 64 148 90 40 149 150 25 76 8 7 9 26 145 18 62 149 150 29 134 19 
26 38 39 151 152 20 136 9 76 4 5 63 153 7 9 19 132 76 26 42 40 94 29 134 25 
26 62 1 2 33 34 19 154 155 156 157 158 76 4 45 104 105 40 91 26 159 23 160 161 46 10 
26 106 1 2 33 34 162 163 164 165 19 76 4 5 104 105 40 29 40 127 128 127 128 16 10 
1 3 38 39 4 5 166 167 158 22 14 7 86 87 104 168 46 
26 162 163 96 1 3 38 39 19 76 99 62 169 170 164 165 25 76 4 5 104 105 171 172 61 173 174 23 175 
1 2 19 4 5 20 17 19 33 34 9 16 
4 5 40 21 41 23 46 76 26 27 28 29 25 
1 8 32 4 45 22 23 9 
4 5 9 25 
40 44 21 23 4 5 46 
1 2 4 5 106 17 19 33 34 20 176 96 24 9 25 
17 19 33 34 91 177 19 4 5 35 22 8 7 9 16 
13 14 7 1 2 91 19 4 45 20 17 19 38 39 104 9 
44 21 23 1 2 19 4 45 
40 91 26 21 41 23 19 4 45 46 
4 5 15 29 15 22 23 24 9 25 
4 5 178 176 22 23 9 25 
8 4 5 147 24 9 25 175 
4 5 40 29 40 63 21 41 23 16 
4 5 42 43 21 41 23 46 
4 5 42 43 63 67 68 46 
4 5 94 22 19 67 68 46 76 24 9 25 
8 32 4 5 24 9 25 
8 32 4 5 50 177 26 19 179 180 25 
4 5 62 29 62 181 182 19 76 42 43 63 67 68 46 
8 32 4 5 42 43 183 46 76 26 55 56 22 23 9 
4 5 62 29 62 42 43 63 184 182 95 76 42 43 44 46 
4 5 42 43 44 41 23 46 
4 5 42 43 44 185 46 
4 5 42 43 46 76 26 55 56 22 23 9 
4 5 8 7 9 19 186 76 187 84 9 4 38 25 
188 189 119 19 132 76 4 5 40 29 40 21 23 
1 2 8 32 4 5 26 22 23 29 40 27 28 
190 61 38 39 19 132 76 4 5 42 29 42 43 21 23 
4 5 63 191 23 175 76 26 62 190 180 192 76 193 4 5 24 9 25 
8 32 4 5 62 182 194 19 46 76 42 43 195 21 23 46 
1 2 3 4 5 9 19 42 196 
1 3 4 5 190 9 
1 3 4 5 6 7 8 7 9 16 76 24 197 198 199 
4 5 42 43 21 41 23 29 
17 18 3 19 4 5 47 48 21 76 1 3 13 14 7 8 7 9 16 
26 55 56 1 3 4 5 42 43 21 41 23 
26 80 200 1 3 4 5 21 41 23 20 136 65 
1 3 4 5 13 14 7 8 7 9 16 10 
1 20 17 3 19 4 5 9 24 49 25 16 
1 3 4 5 9 19 50 177 26 19 27 28 53 54 25 
4 5 42 21 23 201 10 
202 203 14 7 204 205 76 1 2 4 5 40 21 23 10 
1 3 4 5 65 9 16 
1 2 3 4 5 29 40 44 41 112 46 10 
4 45 22 23 206 207 
40 86 87 23 206 46 10 
17 19 33 34 4 45 35 1 2 3 9 
208 21 4 5 147 22 23 206 9 
208 21 4 45 63 86 87 41 112 175 
4 5 8 104 105 40 29 40 63 67 68 41 112 
4 45 8 66 206 67 68 41 112 76 209 209 40 29 40 86 87 
1 2 86 87 41 112 76 26 64 210 211 210 211 
4 45 8 7 9 19 132 64 99 25 
17 3 33 34 19 4 45 47 35 22 1 3 9 
26 212 213 19 214 41 32 36 37 76 59 2 3 4 5 20 1 3 21 49 25 
26 215 216 73 74 91 26 217 218 19 41 3 219 220 57 221 222 76 4 5 20 136 21 
4 5 40 223 41 23 46 10 
84 224 26 119 120 19 4 5 225 21 19 76 8 224 6 7 8 7 9 10 
4 5 65 9 16 
4 5 40 21 41 23 46 10 
4 5 42 43 21 41 23 46 10 
4 5 8 104 105 26 42 40 27 28 29 25 
1 2 3 4 5 65 9 16 
1 2 19 4 5 226 8 7 9 
1 2 19 4 5 24 9 25 76 26 227 9 
1 2 19 4 5 24 9 25 76 26 29 180 61 
1 2 19 4 5 6 7 15 8 7 9 76 26 27 28 29 25 
1 2 19 4 5 6 7 15 8 7 9 76 26 22 23 27 28 29 25 
1 2 19 4 5 6 7 40 8 7 9 19 
1 2 19 4 5 9 19 228 18 
1 2 19 4 5 24 9 25 26 27 28 29 25 
4 5 42 29 42 43 21 41 23 10 
4 5 42 29 42 43 229 230 21 41 23 
4 5 40 231 21 41 23 46 
4 5 64 29 40 91 23 86 87 46 
26 55 56 1 2 4 5 22 23 9 25 
26 55 56 1 2 4 5 176 96 24 9 25 
13 14 7 1 2 4 5 8 7 9 
4 5 42 43 91 23 86 87 46 
232 81 82 33 34 19 4 5 79 22 232 
80 34 19 4 5 79 22 76 1 2 19 24 9 25 
72 34 19 4 5 79 22 76 1 2 19 147 24 9 25 175 
18 3 83 38 19 4 45 47 20 1 2 21 
1 2 19 4 5 62 26 233 51 208 9 19 
4 5 24 9 25 76 26 119 29 25 
8 7 9 19 4 5 76 24 228 18 25 
4 5 147 24 9 25 76 91 23 86 87 234 
1 2 19 4 45 40 44 21 23 46 
1 2 19 4 45 15 44 21 46 
1 2 19 4 5 44 21 22 14 7 204 205 46 
72 34 91 26 85 19 4 5 79 22 
232 235 236 33 34 106 26 85 19 4 5 79 22 232 
1 2 19 4 5 51 9 76 40 210 211 44 41 23 46 10 
26 40 27 28 19 4 5 53 54 62 237 73 238 
4 45 50 51 19 132 26 8 239 64 29 62 24 40 27 28 25 
1 2 8 239 22 4 45 223 240 19 104 168 46 10 
74 77 78 241 242 243 166 244 85 1 2 4 45 79 22 76 245 78 6 7 246 185 25 10 
38 39 49 19 132 4 45 40 86 87 60 7 10 
247 248 249 20 25 77 3 33 34 129 130 19 38 39 76 1 2 3 19 4 5 9 25 
4 5 6 7 9 76 1 6 7 29 250 251 10 
4 5 6 7 9 94 6 7 252 
26 64 35 22 241 85 51 22 6 7 9 19 4 5 
1 8 32 4 5 62 29 62 22 12 253 
26 106 1 254 26 64 35 22 233 51 6 7 9 19 4 5 
255 14 7 256 6 7 9 19 4 5 
1 2 3 19 4 5 62 17 3 19 65 77 257 
1 2 3 4 5 13 14 7 8 7 9 10 
13 258 1 2 3 4 5 15 8 7 9 10 
259 34 19 4 5 20 1 2 21 
1 2 4 5 9 19 22 23 30 31 
4 5 24 9 25 76 260 261 27 28 
4 5 29 62 22 41 23 23 9 16 
4 5 9 19 26 27 28 29 25 
4 5 9 19 22 23 262 263 
4 5 22 23 9 25 
17 19 33 34 4 5 35 22 1 2 9 
17 19 264 38 36 37 4 5 20 1 2 21 
1 2 38 39 4 5 26 27 28 29 25 
4 5 40 29 40 195 21 10 
4 5 42 29 42 43 67 265 10 
8 38 39 4 45 22 23 9 
4 45 190 62 24 9 25 
4 45 9 19 26 266 43 27 28 
38 39 4 45 42 43 21 41 23 46 
17 19 33 34 4 45 47 35 22 1 2 41 267 9 
17 19 264 38 36 37 4 45 20 1 2 219 220 21 49 25 
4 45 9 19 30 31 76 50 51 26 19 52 28 53 54 25 
4 5 9 19 50 51 26 27 28 53 54 25 
26 55 56 1 2 3 19 4 5 22 23 268 18 16 
26 55 56 1 2 3 19 4 45 48 9 76 50 51 259 34 
58 59 33 34 19 4 45 20 1 2 21 65 49 16 
1 2 19 4 45 42 43 44 46 
4 45 13 258 8 7 9 
4 5 61 62 42 43 63 21 41 23 64 269 270 25 
4 5 8 41 66 22 67 68 19 271 191 46 
4 5 26 269 272 29 40 27 28 
58 59 219 220 19 4 5 47 48 21 19 
41 273 264 38 219 220 19 4 5 69 
80 274 33 34 19 4 5 69 
275 67 33 34 19 4 5 69 
73 74 22 32 36 37 276 277 26 76 59 2 19 4 5 69 
74 278 279 238 22 32 33 34 75 26 76 4 5 79 22 
80 34 19 4 5 47 69 76 1 2 51 280 25 16 
81 82 33 34 19 4 5 47 20 1 2 21 65 49 
26 74 77 78 75 25 32 264 38 76 59 2 4 5 79 22 
22 32 33 34 75 26 4 5 79 22 76 1 2 281 9 
4 5 42 43 67 265 7 
26 249 1 2 19 9 4 45 48 282 283 
4 5 26 55 56 29 62 22 41 23 23 9 
83 38 19 4 5 20 1 2 21 65 77 32 284 280 23 
83 38 19 4 45 79 22 77 
89 90 33 34 91 26 85 19 4 5 47 20 1 2 21 
92 93 33 34 91 26 19 4 5 64 79 22 267 32 23 
38 39 4 5 49 223 10 
264 167 38 39 4 5 6 7 99 10 
32 18 264 167 38 61 49 223 4 5 10 
287 4 45 49 223 10 
4 5 6 7 99 19 10 
287 4 45 62 14 7 288 19 10 
4 5 9 29 9 10 
38 39 19 4 5 62 14 7 288 19 289 
4 45 9 46 10 
49 223 4 45 10 
62 9 4 38 46 289 
4 5 49 223 10 
4 45 290 291 62 14 7 288 19 10 
4 5 292 293 113 294 10 
4 45 6 7 288 10 
4 5 6 7 288 10 
14 7 4 5 10 
14 7 4 45 10 
14 7 288 19 4 5 10 
14 7 288 19 4 45 10 
4 5 164 120 46 10 
4 45 164 120 46 10 
4 5 15 29 15 48 9 10 
4 5 226 288 10 
1 2 8 32 4 5 62 6 7 99 19 10 
1 2 8 32 287 4 45 49 223 10 
1 2 8 32 287 4 45 9 46 10 
4 5 99 112 135 62 49 223 10 
4 45 99 112 135 6 7 288 10 
4 45 99 112 135 98 99 46 10 
4 45 9 29 9 16 10 
264 167 38 39 4 5 62 49 223 
4 5 6 7 256 
1 2 4 5 62 6 7 256 19 
1 2 6 7 256 4 5 19 
1 2 264 167 38 39 61 49 223 4 5 16 10 
1 2 153 19 4 5 9 46 10 
1 2 153 19 4 5 9 29 10 
1 2 153 19 4 5 9 29 9 10 
1 2 153 19 4 5 62 9 94 62 21 16 10 
1 2 264 167 38 39 19 295 296 4 5 62 49 223 16 10 
1 65 76 26 180 12 41 112 76 1 2 264 167 38 39 19 4 5 62 49 223 16 10 
180 12 41 112 76 1 2 264 167 38 39 19 4 5 62 49 223 16 10 
1 2 38 39 256 4 5 46 10 
1 2 4 5 256 49 223 10 
4 5 256 19 9 46 10 
4 5 9 46 
4 5 6 7 99 
4 5 49 223 
4 5 65 29 65 
1 2 4 5 15 29 15 48 9 
4 5 113 294 
4 5 65 46 
1 2 15 29 15 9 4 5 16 
1 2 19 4 5 15 99 19 48 9 46 
1 2 19 4 5 6 7 99 19 
1 2 4 5 9 46 
1 2 19 4 5 62 287 5 94 62 297 5 94 62 298 5 
264 167 38 39 4 5 49 223 10 
264 167 38 39 4 5 6 7 123 99 10 
208 21 4 5 62 49 223 10 
32 18 264 167 38 39 61 49 223 4 5 10 
38 39 4 5 6 7 123 99 19 10 
4 5 6 7 123 99 19 10 
1 2 4 5 62 6 288 19 10 
38 39 19 4 5 62 6 7 123 99 19 289 
4 5 9 46 10 
49 223 4 5 10 
4 5 15 48 9 7 10 
4 5 9 7 10 
1 2 19 4 5 62 49 223 10 
4 5 62 6 288 19 10 
4 5 62 6 7 123 99 19 10 
4 5 62 6 288 19 41 32 299 300 10 
256 301 4 5 19 299 300 62 6 288 19 10 
1 2 264 167 38 39 19 4 5 62 49 223 10 
1 2 264 167 38 39 19 4 5 62 6 7 99 19 10 
1 2 264 167 38 39 19 4 5 62 49 223 95 10 
1 2 264 167 38 39 19 4 5 62 226 99 19 10 
1 2 264 167 38 39 19 4 5 9 46 76 62 49 223 10 
1 2 264 167 38 39 19 4 5 9 46 76 62 6 7 99 19 10 
1 2 264 167 38 39 19 4 5 9 29 9 76 62 49 223 10 
1 2 264 167 38 39 19 4 5 9 29 9 76 62 6 7 99 19 10 
1 2 264 167 38 39 19 4 5 9 29 9 76 62 226 99 19 10 
1 2 264 167 38 39 19 4 5 62 49 223 144 10 
1 2 264 167 38 39 19 4 5 9 46 76 62 49 223 144 10 
1 2 4 5 9 29 9 10 
1 2 264 167 38 39 19 4 5 9 29 9 10 
1 2 219 220 264 167 38 39 19 4 5 62 49 223 10 
1 2 219 220 264 167 38 39 19 4 5 62 6 7 99 19 10 
1 2 219 220 264 167 38 39 19 4 5 62 49 223 95 10 
1 2 219 220 264 167 38 39 19 4 5 62 226 99 19 10 
1 2 219 220 264 167 38 39 19 4 5 9 46 76 62 49 223 10 
1 2 219 220 264 167 38 39 19 4 5 9 46 76 62 6 7 99 19 10 
1 2 219 220 264 167 38 39 19 4 5 9 29 9 76 62 49 223 10 
1 2 219 220 264 167 38 39 19 4 5 9 29 9 76 62 6 7 99 19 10 
1 2 219 220 264 167 38 39 19 4 5 9 29 9 76 62 226 99 19 10 
1 2 219 220 264 167 38 39 19 4 5 62 49 223 144 10 
1 2 219 220 264 167 38 39 19 4 5 9 46 76 62 49 223 144 10 
1 2 219 220 38 39 19 4 5 9 29 9 10 
1 2 219 220 264 167 38 39 19 4 5 9 29 9 289 
1 2 4 5 49 223 
302 303 192 38 4 5 49 223 
264 167 192 38 4 5 49 223 
1 2 19 4 5 62 49 223 
1 2 19 4 5 6 7 99 
1 2 19 4 5 62 6 7 99 19 
1 2 19 264 167 192 38 4 5 6 7 99 
1 2 19 38 39 4 5 62 49 223 
1 2 19 192 38 4 5 62 49 223 
1 2 19 38 39 4 5 62 6 7 99 19 
1 2 19 192 39 4 5 62 6 7 99 19 
1 2 19 38 39 4 5 9 46 
1 2 19 192 39 4 5 9 46 
1 2 19 192 38 4 5 9 46 
298 5 62 49 223 10 
287 5 49 223 10 
41 32 297 61 49 223 4 5 
1 2 62 77 280 4 5 186 10 
260 302 303 304 6 7 38 39 10 
1 2 219 220 260 302 303 304 6 7 305 19 10 
1 2 260 302 303 304 19 306 307 62 226 288 19 10 
1 2 260 302 303 304 38 39 124 61 14 7 125 308 10 
260 302 303 304 6 7 159 10 
26 35 22 309 310 302 303 76 180 61 38 39 304 76 6 7 159 10 
26 35 22 309 310 302 303 76 180 61 38 39 304 76 6 7 119 10 
26 35 22 309 310 302 303 76 180 61 38 39 304 76 226 159 10 
26 35 22 309 310 302 303 76 180 61 38 39 304 76 226 119 10 
26 180 260 302 303 304 76 6 7 159 10 
26 180 260 302 303 304 76 6 7 119 10 
26 180 260 302 303 304 76 226 159 10 
26 180 260 302 303 304 76 226 119 10 
26 180 119 120 304 76 260 302 303 6 7 159 10 
6 7 119 120 260 302 303 304 10 
113 294 119 120 260 302 303 304 10 
26 180 38 39 304 76 193 35 22 309 310 302 303 76 6 7 159 10 
26 180 38 39 304 76 193 35 22 309 310 302 303 76 6 7 119 10 
26 180 38 39 304 76 193 35 22 309 310 302 303 76 226 159 10 
26 180 38 39 304 76 193 35 22 309 310 302 303 76 113 294 119 120 10 
260 302 303 304 61 6 7 159 10 
260 302 303 304 61 6 7 119 120 10 
260 302 303 304 6 288 119 120 10 
260 302 303 304 113 294 119 120 10 
6 288 69 42 43 119 120 260 302 303 304 10 
6 288 69 40 119 120 260 302 303 304 289 
26 180 119 120 260 302 303 304 76 6 7 119 120 10 
26 180 260 302 303 38 39 304 76 6 7 159 10 
26 180 260 302 303 38 39 304 76 6 7 119 120 10 
26 61 260 302 303 38 39 304 76 6 7 159 10 
26 61 260 302 303 38 39 304 76 6 7 119 120 10 
260 302 303 38 39 304 40 159 46 10 
260 302 303 38 39 304 42 43 159 46 10 
260 302 303 38 39 304 6 288 159 10 
26 180 260 302 303 304 76 40 159 46 10 
26 180 260 302 303 304 76 42 43 159 46 10 
26 61 260 302 303 304 76 40 159 46 10 
26 61 260 302 303 304 76 42 43 159 46 10 
26 180 38 39 304 76 42 62 35 309 310 302 303 76 40 159 46 10 
26 180 38 39 304 76 42 62 35 309 310 302 303 76 42 43 159 46 10 
26 180 38 39 304 76 42 62 35 309 310 302 303 76 42 43 119 120 46 10 
26 61 38 39 304 76 193 26 311 29 177 309 310 302 303 76 40 159 46 10 
26 61 38 39 304 76 193 26 311 29 177 309 310 302 303 76 42 43 159 46 10 
26 61 38 39 304 76 193 26 311 29 177 309 310 302 303 76 42 43 119 46 10 
180 61 260 302 303 38 39 304 76 40 159 46 289 
180 61 260 302 303 38 39 304 76 42 43 159 46 10 
180 61 260 302 303 38 39 304 76 42 43 119 46 10 
42 43 260 302 303 304 46 10 
42 43 119 120 260 302 303 304 46 289 
26 79 124 61 119 120 260 302 303 304 76 40 159 46 10 
26 79 180 61 260 302 303 38 39 304 76 40 159 46 10 
26 79 61 260 302 303 38 39 304 76 40 159 46 10 
1 2 219 220 40 260 302 303 38 39 304 46 10 
1 2 219 220 42 43 260 302 303 38 39 304 46 10 
1 2 219 220 22 260 302 303 304 8 32 90 312 46 10 
260 302 303 304 40 159 46 10 
260 302 303 192 304 42 43 46 
40 38 304 46 
304 6 7 38 19 
260 302 303 38 304 34 29 34 
192 304 42 43 159 260 302 303 46 
26 180 192 304 76 42 43 260 302 303 46 
26 40 29 40 260 302 303 38 304 186 
42 43 313 26 159 304 19 260 302 303 46 
260 302 303 304 42 29 42 43 
26 40 192 304 19 260 302 303 46 
1 2 153 32 260 302 303 192 38 40 192 185 304 46 
29 103 309 310 40 38 304 46 
29 303 309 310 40 38 304 46 
35 103 314 315 40 38 304 46 
302 103 304 42 43 159 46 
38 304 29 302 103 314 315 42 43 46 
260 302 303 304 40 159 7 
260 302 303 304 42 43 7 
22 302 303 304 34 7 
29 302 303 192 304 42 43 7 
302 303 25 192 304 34 29 34 
26 42 43 38 304 46 
304 40 38 46 
38 304 61 6 7 305 
38 304 42 43 46 
38 304 19 109 316 22 317 60 
38 304 61 317 60 109 316 
124 61 302 303 46 10 
61 167 14 7 302 303 46 10 
61 302 303 14 7 46 10 
124 61 14 7 150 318 46 10 
302 303 104 319 62 14 7 10 
61 167 320 321 150 318 46 10 
61 302 303 322 321 46 10 
124 61 264 167 323 302 303 46 10 
61 29 61 302 303 16 10 
61 29 61 150 318 16 14 7 19 10 
22 302 303 204 205 46 10 
32 18 124 61 302 303 46 10 
29 302 303 42 43 46 10 
124 61 302 303 322 324 46 10 
124 61 302 303 322 325 46 10 
29 167 302 303 175 10 
61 302 303 46 10 
61 129 130 14 7 159 302 303 46 10 
61 302 303 309 310 46 10 
61 302 303 26 19 320 321 46 10 
61 302 303 320 321 46 10 
124 61 302 303 320 321 46 10 326 
42 43 29 302 303 46 10 
42 43 29 302 303 320 321 46 10 
29 302 303 320 321 42 43 175 10 
29 167 302 303 322 324 73 327 19 175 10 
29 167 302 303 26 19 309 310 175 10 
302 303 309 310 26 62 29 119 120 19 
26 29 119 153 328 302 303 38 39 19 
302 303 29 34 
26 29 180 302 303 
26 249 302 303 38 39 29 97 329 330 
302 303 309 310 19 38 39 26 29 180 119 
302 303 38 39 24 331 25 
38 39 124 61 302 303 46 10 
61 302 303 125 321 46 10 
61 125 321 302 303 7 10 
124 61 311 14 7 125 321 250 302 303 10 
61 311 14 7 250 302 303 10 
302 303 61 14 7 125 308 10 
61 14 7 125 308 69 40 302 303 38 39 10 
38 39 124 61 302 303 14 7 10 
38 39 124 61 14 7 302 303 10 
38 39 302 303 61 14 7 10 
38 39 302 303 22 14 7 204 205 10 
38 39 22 14 7 302 303 204 205 10 
38 39 302 303 22 14 7 125 308 332 333 10 
38 39 124 61 125 308 334 335 7 10 
38 39 124 61 14 7 125 308 10 
260 320 321 42 43 38 39 7 10 
35 22 320 321 42 43 38 39 7 10 
38 39 22 336 337 7 10 
38 39 302 303 336 337 9 7 10 
38 39 302 303 19 208 21 204 205 62 14 7 10 
38 39 124 61 125 321 302 303 7 10 
35 22 125 321 302 303 42 43 38 39 7 10 
61 29 61 302 303 16 14 7 19 10 
302 303 22 204 205 46 10 
38 39 49 223 29 124 61 302 303 10 
38 39 49 223 124 61 302 303 10 
124 61 302 303 322 46 10 
38 39 124 61 302 303 338 322 7 10 
124 61 302 303 325 46 10 
61 129 130 14 7 125 321 159 302 303 10 
61 302 303 309 310 10 
61 302 303 26 19 14 7 320 321 10 
61 302 303 181 182 125 321 46 10 
124 61 302 303 320 321 46 10 
29 167 302 303 339 3 325 175 10 
302 303 320 321 19 38 39 26 29 180 119 
26 180 38 39 76 124 61 302 303 46 10 
26 180 38 39 76 61 302 303 46 10 
26 180 38 39 76 61 302 303 14 7 309 310 10 
26 180 38 39 76 61 311 14 7 302 303 46 10 
26 180 38 39 76 124 61 167 14 7 135 302 303 46 10 
26 180 38 39 76 124 61 167 14 7 309 310 135 302 303 10 
26 180 38 39 76 61 167 340 302 303 46 10 
26 180 38 39 76 61 167 340 252 127 206 302 303 46 10 
26 180 38 39 76 61 302 303 309 310 46 289 
26 180 38 39 76 61 302 303 14 7 309 310 95 10 
26 180 38 39 76 61 302 303 14 7 309 310 186 10 
26 180 38 39 76 61 302 303 14 7 309 310 16 
26 61 38 39 19 132 76 124 61 302 303 46 10 
26 61 38 39 19 132 76 124 61 302 303 14 7 309 310 10 
26 61 38 39 19 132 76 124 61 302 303 14 7 309 310 95 10 
26 61 38 39 19 132 76 124 61 302 303 14 7 309 310 186 289 
26 61 38 39 19 132 76 61 302 303 46 10 
26 61 38 39 19 132 76 61 311 14 7 302 303 46 10 
26 61 38 39 19 132 76 61 167 340 302 303 46 10 
26 61 38 39 19 132 76 61 167 340 252 127 206 302 303 46 10 
26 61 38 39 19 132 76 22 302 303 309 310 46 10 
26 61 38 39 19 132 76 61 302 303 14 7 309 310 10 
26 38 39 124 61 302 303 14 7 46 10 
26 38 39 124 61 302 303 14 7 309 310 46 10 
26 38 39 124 61 311 14 7 302 303 46 10 
26 38 39 124 61 311 14 7 309 310 302 303 46 10 
26 38 39 124 61 311 340 135 302 303 46 10 
26 38 39 124 61 302 303 340 252 127 206 46 10 
341 65 76 38 39 124 61 302 303 46 10 
341 65 76 38 39 124 61 302 303 14 7 46 10 
341 65 76 38 39 124 61 302 303 14 7 309 310 46 10 
341 65 76 38 39 124 61 311 14 7 302 303 46 10 
341 65 76 38 39 124 61 311 14 7 309 310 302 303 46 10 
341 65 76 38 39 124 61 311 340 135 302 303 46 10 
341 65 76 38 39 124 61 302 303 340 252 127 206 46 10 
341 65 76 38 39 61 302 303 46 10 
341 65 76 342 12 38 39 124 61 302 303 46 10 
341 65 76 342 12 38 39 124 61 302 303 14 7 46 10 
341 65 76 342 12 38 39 124 61 302 303 14 7 309 310 46 10 
341 65 76 342 12 38 39 124 61 311 14 7 302 303 46 10 
341 65 76 342 12 38 39 124 61 311 14 7 309 310 302 303 46 10 
341 65 76 342 12 38 39 124 61 311 340 135 302 303 46 10 
341 65 76 342 12 38 39 124 61 302 303 340 252 127 206 46 10 
342 12 38 39 124 61 302 303 46 10 
342 12 38 39 124 61 302 303 14 7 46 10 
113 114 26 119 120 38 39 76 124 61 302 303 46 10 
113 114 26 119 120 38 39 76 124 61 302 303 14 7 46 10 
1 2 219 220 38 39 124 61 302 303 46 10 
1 2 8 206 38 39 124 61 302 303 46 10 
1 2 8 38 39 15 29 15 343 33 34 153 288 124 61 302 303 10 
38 39 61 302 303 46 10 
1 2 19 38 39 61 302 303 46 
1 3 19 192 38 42 43 29 302 303 46 
192 38 42 43 6 7 302 303 
61 302 303 46 76 61 19 132 14 7 42 43 302 303 95 
42 43 167 14 7 165 302 303 
325 324 42 43 302 303 46 
322 324 42 43 302 303 46 
344 345 42 43 302 303 46 
344 105 42 43 302 303 46 
336 105 42 43 302 303 46 
42 43 29 302 303 192 38 46 
38 39 61 29 61 302 303 
192 38 61 29 61 302 303 
317 60 309 310 42 43 165 302 303 
1 2 22 260 302 303 192 38 46 
1 2 22 260 302 303 38 39 46 
1 2 22 260 302 303 192 39 46 
38 39 124 61 302 103 309 310 46 
26 61 103 14 7 309 310 46 
124 61 26 302 103 314 315 7 
1 2 8 32 38 39 124 61 14 7 135 302 303 46 
8 32 38 39 167 14 7 302 303 
8 32 38 39 19 302 303 314 62 14 7 
302 303 314 42 43 62 14 7 
302 303 314 42 43 62 14 7 328 327 19 
38 39 62 29 62 61 302 303 
38 39 61 302 303 46 
26 61 38 39 76 61 302 303 46 
38 39 19 132 61 302 303 46 
302 303 124 61 46 
302 303 61 29 61 
38 39 61 302 303 16 
302 303 61 46 
342 12 38 39 124 61 14 7 302 303 46 10 
26 180 212 213 1 2 153 19 38 39 124 29 124 61 14 7 302 303 16 10 
232 341 65 76 38 39 124 61 302 303 29 10 232 
62 29 62 124 61 302 303 10 
124 61 302 303 14 7 309 310 46 10 
26 180 38 39 76 124 61 302 303 14 7 46 10 
26 61 38 39 76 124 61 302 303 46 10 
26 300 346 38 39 76 1 2 153 124 61 302 303 46 10 
26 210 211 38 39 76 124 61 14 7 302 303 46 10 
38 39 61 302 303 10 
61 302 303 7 10 
61 29 61 302 303 10 
124 61 302 303 7 10 
62 201 124 61 302 303 10 
61 302 303 10 
167 29 167 302 303 14 7 10 
38 39 61 29 61 302 303 19 
15 29 15 61 302 303 
38 39 62 29 62 61 302 303 16 10 
62 29 62 61 302 303 19 16 10 
1 62 61 302 303 46 10 
302 303 62 46 10 
302 303 19 46 10 
302 303 16 1 62 10 
61 302 303 16 1 8 62 10 
124 61 302 303 62 175 10 
38 39 302 303 46 289 
38 39 62 61 302 303 46 10 
38 39 124 61 14 7 10 302 303 46 10 
302 303 38 39 62 46 10 
62 61 302 303 46 10 
302 303 38 39 62 175 10 
1 8 62 38 39 124 61 302 303 62 175 10 
1 61 38 39 302 303 62 175 10 
1 62 180 61 38 39 302 303 46 10 
1 180 61 38 39 302 303 46 10 
1 62 180 61 302 303 46 289 
1 62 61 302 303 38 39 46 10 
1 62 61 38 39 302 303 62 175 10 
1 62 61 38 39 302 303 46 10 
1 180 38 39 302 303 46 10 
180 61 38 39 302 303 46 10 
180 61 302 303 46 10 
180 302 303 62 175 10 
1 124 61 302 303 62 46 10 
62 29 62 124 61 302 303 16 10 
62 29 62 180 61 302 303 16 10 
62 29 62 180 61 38 39 302 303 16 10 
62 38 39 124 61 302 303 62 46 10 
62 38 39 302 303 62 175 10 
180 61 302 303 38 39 62 46 10 
62 29 62 124 61 302 303 38 39 10 
38 39 180 61 302 303 62 8 32 127 128 46 10 
38 39 302 303 62 46 10 
40 119 120 49 223 144 10 
40 38 49 223 10 
208 49 42 43 38 49 223 144 10 
38 39 84 347 62 49 223 10 
26 40 38 49 223 10 
26 8 328 208 49 42 43 38 49 223 144 10 
38 39 146 151 62 49 223 10 
1 8 239 208 49 40 93 49 223 144 10 
1 2 62 159 49 223 144 19 38 39 19 10 
1 2 22 317 60 38 39 327 348 10 
264 167 38 39 42 43 38 49 223 144 10 
264 167 38 39 208 49 40 38 49 223 144 10 
302 303 38 39 40 38 49 223 144 10 
22 302 303 19 132 42 43 159 49 223 144 19 38 39 10 
26 22 302 303 322 321 42 43 38 49 223 144 10 
302 303 38 39 62 14 7 288 19 10 
260 302 303 38 39 62 14 7 288 19 10 
264 167 38 39 62 14 7 288 19 10 
26 180 260 302 303 38 39 19 76 42 43 38 49 223 10 
26 180 302 303 38 39 76 42 43 38 49 223 10 
302 303 349 260 302 303 40 38 49 223 144 10 
302 303 19 132 208 49 42 43 38 185 49 223 144 10 
40 119 120 49 223 144 
40 38 39 49 223 144 
40 119 49 223 144 
40 38 49 223 144 
40 192 26 49 223 144 
40 91 26 305 49 223 144 
40 91 26 49 223 144 
208 49 40 38 49 223 144 10 
208 140 347 152 40 38 49 223 144 10 
26 208 49 40 38 39 49 223 144 10 
26 180 119 120 38 39 76 40 38 49 223 10 
26 124 61 38 39 76 26 40 38 49 223 144 16 10 
1 2 153 350 40 38 49 223 144 10 
40 91 26 119 120 49 223 144 16 10 
40 91 26 38 39 49 223 144 16 10 
26 19 151 152 22 49 223 
26 208 140 151 152 62 49 223 
26 208 49 40 38 49 223 144 
208 49 42 43 38 39 49 223 144 10 
208 49 42 43 38 39 49 223 351 352 353 354 355 10 
38 39 84 347 151 152 62 49 223 10 
26 40 38 49 223 144 10 
1 2 208 49 42 43 38 49 223 144 10 
26 42 43 38 49 223 144 16 10 
1 8 239 208 49 40 38 185 49 223 144 10 
1 2 219 220 38 39 22 84 347 7 10 
1 2 219 220 38 39 22 112 347 7 10 
1 2 219 220 62 356 151 38 39 7 10 
1 2 219 220 357 358 19 208 140 151 152 38 39 62 49 223 10 
1 2 219 220 22 317 60 38 39 327 348 10 
1 2 219 220 260 302 303 42 43 38 39 49 223 144 10 
1 2 219 220 22 302 303 42 43 38 39 49 223 144 10 
1 2 42 43 260 302 303 38 39 49 223 144 10 
1 2 219 220 264 167 38 39 42 43 38 49 223 144 10 
1 2 219 220 264 167 38 39 208 49 40 38 49 223 144 10 
1 2 219 220 302 303 38 39 40 38 49 223 144 10 
113 114 26 22 302 303 19 132 76 1 2 40 91 26 38 39 49 223 144 10 
1 2 219 220 22 302 303 19 132 42 43 208 49 38 39 49 223 10 
113 114 26 22 302 303 322 321 42 43 38 49 223 144 10 
1 2 219 220 260 302 303 38 39 62 14 7 288 19 10 
1 2 219 220 302 303 38 39 62 14 7 288 19 10 
1 2 219 220 264 167 38 39 280 359 224 7 10 
26 180 260 302 303 38 39 19 76 208 49 42 43 38 49 223 10 
26 180 302 303 38 39 76 208 49 42 43 38 49 223 10 
302 303 349 260 302 303 280 17 40 38 49 223 144 10 
40 119 120 49 223 144 19 38 39 10 
40 38 49 223 144 10 
40 360 39 49 223 144 10 
26 180 38 39 76 40 119 120 49 223 144 10 
26 180 38 39 76 40 38 49 223 144 10 
26 124 61 38 39 76 40 119 120 49 223 144 10 
26 124 61 38 39 76 40 38 49 223 144 10 
26 180 61 38 39 76 40 119 120 49 223 144 10 
26 180 61 38 39 76 40 38 49 223 144 10 
26 40 119 120 49 223 144 95 10 
26 40 119 120 49 223 144 19 38 39 95 10 
26 40 38 49 223 144 95 10 
26 42 43 38 49 223 144 10 
26 40 231 38 49 223 144 10 
1 2 219 220 40 360 39 49 223 144 10 
1 2 219 220 40 38 49 223 144 10 
1 2 219 220 40 119 120 49 223 144 19 38 39 10 
26 40 361 1 2 219 220 38 39 49 223 289 
26 40 361 1 2 219 220 38 49 223 144 10 
26 42 43 361 1 2 219 220 38 39 49 223 10 
26 42 43 361 1 2 219 220 38 49 223 144 10 
26 40 231 361 1 2 219 220 38 39 49 223 289 
26 40 231 361 1 2 219 220 38 49 223 144 10 
26 61 119 120 38 39 76 26 40 38 49 223 144 10 
26 61 119 120 38 39 76 26 40 119 120 49 223 144 10 
26 124 61 38 39 76 26 40 38 49 223 144 10 
26 124 61 38 39 76 26 40 119 120 49 223 144 10 
1 2 219 220 40 119 120 49 223 144 19 38 39 91 26 10 
1 2 219 220 40 38 49 223 144 91 26 10 
1 2 219 220 208 49 40 119 120 49 223 144 19 38 39 91 26 10 
1 2 219 220 208 49 40 38 49 223 144 91 26 10 
1 2 219 220 208 223 40 119 120 49 223 144 19 38 39 91 26 10 
1 2 219 220 208 223 40 38 49 223 144 91 26 10 
26 208 49 42 43 38 49 223 144 10 
26 208 49 40 119 120 49 223 144 19 38 39 95 10 
26 208 223 42 43 38 49 223 144 10 
26 208 223 40 38 49 223 144 95 10 
1 2 219 220 19 38 39 151 152 62 49 223 10 
1 2 219 220 19 38 39 347 151 62 49 223 10 
1 2 219 220 19 38 39 208 9 347 151 62 49 223 144 10 
1 2 219 220 19 38 39 208 21 347 151 62 49 223 144 10 
38 49 223 144 10 
38 39 151 152 
192 38 151 152 
208 9 40 192 49 223 
208 9 40 38 49 223 
208 21 61 192 49 223 
208 21 61 38 49 223 
208 9 38 39 146 151 
208 9 192 38 146 151 
208 9 192 39 146 151 
208 21 38 39 146 151 
208 21 192 38 146 151 
208 21 192 39 146 151 
208 140 38 39 151 152 
208 140 192 38 151 152 
208 140 192 39 151 152 
208 356 38 39 151 152 
208 356 192 38 151 152 
208 356 192 39 151 152 
26 180 12 112 1 2 19 192 38 151 152 
26 180 12 112 1 2 19 38 39 151 152 
26 180 12 112 1 2 19 192 39 151 152 
1 2 19 192 38 151 152 62 49 223 
1 2 19 38 39 151 152 62 49 223 
1 2 42 43 192 49 223 144 
26 40 192 185 49 223 144 
1 2 19 192 39 22 151 152 347 362 46 
1 2 22 208 21 192 38 347 362 46 
1 2 22 208 9 192 38 347 362 46 
26 208 21 61 192 49 223 144 16 69 28 120 16 
26 208 9 42 43 192 185 49 223 144 186 
1 2 40 119 120 49 223 144 
1 2 42 43 192 177 49 223 144 
1 2 40 28 120 49 223 144 19 192 38 
1 2 19 192 38 22 35 22 151 152 347 362 
1 2 22 38 39 146 151 19 347 362 46 
41 224 40 38 49 223 10 
208 49 40 38 49 223 10 
38 39 22 151 152 46 
151 152 62 49 223 
22 347 151 46 
347 151 62 49 223 
1 2 219 220 96 317 10 
1 2 62 317 32 33 34 10 
62 14 7 191 104 19 10 
1 2 191 364 96 317 10 
62 317 350 16 10 
1 62 14 7 33 34 10 
1 62 317 32 365 366 19 10 
317 32 367 368 10 
317 32 369 10 
96 317 32 191 104 10 
370 3 33 34 10 
317 206 19 33 34 10 
14 7 365 366 10 
1 2 19 365 366 96 317 350 10 
371 372 119 120 191 23 96 317 10 
1 2 62 317 19 289 
1 2 62 14 7 36 37 10 
1 2 62 373 14 7 19 10 
1 2 219 220 19 191 364 96 317 10 
26 6 7 69 40 75 185 1 2 219 220 10 
1 2 62 317 3 33 34 10 
1 2 62 349 317 32 33 34 164 165 19 10 
1 2 62 33 34 19 38 39 94 62 70 217 10 
1 2 62 374 375 19 33 34 38 39 46 10 
1 2 19 119 219 191 23 96 317 350 10 
1 2 19 119 376 377 96 317 10 
1 2 96 317 72 165 19 289 
1 2 30 26 8 239 378 29 378 10 
1 2 62 84 379 19 46 10 
1 2 62 84 379 19 33 34 46 10 
1 2 96 84 379 317 32 191 104 10 
1 2 62 84 379 317 3 33 34 10 
1 2 96 317 239 10 
33 34 96 317 350 10 
1 2 33 34 6 7 75 10 
1 2 33 34 96 317 32 369 10 
38 39 191 23 96 317 10 
250 317 239 371 372 119 120 10 
1 2 96 317 32 369 10 
1 2 62 84 379 19 38 39 46 10 
317 32 33 34 10 
14 7 33 34 10 
1 2 62 317 32 33 34 19 38 39 10 
1 2 62 349 317 32 33 34 164 165 38 39 19 10 
1 2 62 33 34 38 39 46 10 
1 2 62 374 375 19 38 39 36 37 46 10 
1 2 38 39 19 125 363 22 46 10 
1 2 19 360 39 33 34 62 317 41 3 10 
1 2 62 349 374 375 33 34 164 165 19 46 10 
1 2 62 83 38 46 10 
1 2 62 349 317 41 3 33 34 164 165 19 10 
1 2 8 32 38 39 62 317 41 3 33 34 19 10 
1 2 8 32 38 39 62 33 34 19 46 10 
1 2 62 339 18 38 39 46 10 
1 2 62 339 18 38 39 94 62 33 34 38 39 10 
1 2 62 9 4 38 46 10 
1 2 62 380 381 104 36 37 94 62 33 34 10 
1 2 62 70 217 94 62 33 34 10 
1 2 62 33 34 94 62 14 7 10 
360 39 62 33 34 360 39 46 289 
1 2 62 70 217 46 10 
1 2 62 380 381 104 264 38 36 37 46 10 
1 2 62 317 32 33 34 19 10 
1 2 62 374 375 19 175 10 
1 2 29 62 382 324 175 10 
1 2 29 15 62 382 324 175 10 
1 2 62 159 19 317 3 33 34 19 38 39 10 
1 2 38 39 19 164 165 33 34 62 317 41 3 10 
219 220 96 317 
219 220 96 317 350 
1 2 317 350 19 
1 2 219 220 191 364 96 317 
1 2 219 220 366 240 317 350 
1 2 219 220 96 317 32 191 104 
219 220 96 317 239 
1 2 62 14 7 219 220 10 
1 2 219 220 383 363 62 14 7 288 19 10 
1 2 62 106 33 34 164 165 19 46 10 
1 2 219 220 295 296 384 299 62 317 350 10 
104 115 385 386 341 19 219 220 191 364 46 10 
1 2 219 220 295 296 96 317 350 10 
1 2 219 220 191 364 62 14 7 10 
1 2 219 220 96 14 7 366 387 10 
1 2 62 317 350 19 219 220 10 
1 2 219 220 62 317 350 19 
219 220 191 364 
1 2 19 191 364 
1 2 96 317 350 
1 2 96 14 7 366 387 
1 2 62 317 32 367 368 19 
1 2 62 14 7 191 104 19 
1 2 219 220 374 375 46 
1 2 219 220 42 264 46 
1 2 219 220 96 14 7 191 104 10 
219 220 96 317 10 
219 220 384 388 96 317 10 
219 220 384 388 96 317 32 367 368 10 
1 2 62 80 274 33 34 7 10 
1 2 62 80 34 94 62 14 7 33 34 10 
1 2 96 14 7 191 104 10 
1 2 33 34 62 14 7 191 104 19 10 
1 2 62 14 7 191 104 19 10 
1 2 62 14 7 191 104 19 33 34 10 
1 2 219 220 62 14 7 191 104 19 10 
1 2 219 220 191 364 96 317 10 
1 2 219 220 389 340 10 
1 2 219 220 389 340 390 391 10 
1 2 219 220 389 14 7 10 
1 2 33 34 389 340 10 
1 2 33 34 389 14 7 390 391 10 
1 2 33 34 389 14 7 10 
1 2 219 220 191 364 96 14 7 317 10 
1 2 33 34 62 317 350 19 16 10 
1 2 62 14 7 33 34 10 
1 2 62 317 32 365 366 19 10 
1 2 62 71 22 33 34 7 10 
1 2 62 71 22 33 34 94 62 392 125 33 34 10 
1 2 62 71 22 33 34 94 62 393 394 33 34 10 
1 2 62 71 148 94 62 339 148 10 
1 2 19 365 366 96 14 7 191 104 10 
1 2 119 219 191 23 96 317 10 
1 2 219 220 119 219 191 23 96 317 10 
1 2 62 317 19 148 90 289 
1 2 62 317 19 219 220 289 
1 2 62 71 22 148 90 46 10 
1 2 219 220 395 248 191 364 96 317 10 
1 2 219 220 395 248 191 364 96 14 7 191 104 10 
1 2 219 220 96 317 350 10 
1 2 219 220 96 317 32 191 104 10 
1 2 219 220 96 340 191 104 10 
1 2 219 220 96 317 32 366 387 10 
1 2 219 220 96 340 366 387 10 
1 2 219 220 295 296 366 387 62 340 10 
1 2 219 220 295 296 366 387 96 317 206 10 
1 2 219 220 295 296 366 387 96 317 350 10 
1 2 219 220 295 296 62 96 317 350 10 
1 2 219 220 295 296 62 96 317 32 366 387 10 
1 2 219 220 295 296 62 96 317 32 104 366 10 
1 2 219 220 295 296 62 96 317 206 95 10 
396 1 219 220 295 296 366 387 397 264 93 26 41 112 
396 1 219 220 295 296 366 387 397 264 93 26 41 112 76 398 398 
1 2 219 220 191 364 93 26 41 112 
1 2 219 220 191 364 397 264 93 91 26 
1 2 219 220 295 296 366 387 93 26 41 112 76 398 398 
1 2 219 220 295 296 191 23 93 26 41 112 175 
1 2 219 220 96 317 76 26 250 209 209 
1 2 219 220 96 317 350 10 26 250 209 209 
1 2 219 220 96 317 32 191 104 10 26 250 209 209 
1 2 219 220 96 340 191 104 76 26 61 250 209 209 
6 288 185 1 2 219 220 76 191 364 93 26 41 112 
6 288 185 1 2 219 220 76 366 387 93 26 41 112 
6 288 185 1 2 219 220 76 182 366 93 26 41 112 
26 61 399 400 250 1 2 219 220 209 209 76 191 364 62 317 350 
26 61 399 400 250 1 2 219 220 209 209 76 191 23 62 317 350 
26 61 399 400 250 1 2 219 220 209 209 76 366 387 93 26 
26 61 250 1 2 219 220 209 209 76 191 364 62 317 350 
26 61 250 1 2 219 220 209 209 76 191 23 62 317 350 
26 61 250 1 2 219 220 76 6 7 250 76 191 23 62 340 
26 61 250 1 2 219 220 76 6 7 250 76 366 387 96 317 
26 61 250 1 2 219 220 76 6 7 250 76 191 23 96 317 206 
26 61 250 1 2 219 220 76 6 7 250 76 191 364 96 317 350 
396 1 219 220 366 387 93 26 76 26 401 15 250 
396 1 219 220 191 364 93 26 76 26 401 15 250 
396 1 219 220 182 366 93 26 76 26 401 15 250 
1 219 220 96 317 76 26 226 250 
1 219 220 96 317 32 366 387 76 26 250 209 209 
226 250 1 219 220 76 366 387 93 26 41 112 
226 250 1 219 220 76 191 364 93 26 41 112 
226 250 1 2 219 220 76 191 364 62 14 7 
226 250 1 2 219 220 76 295 296 96 317 350 
1 2 219 220 62 317 206 19 10 
29 24 25 402 1 2 219 220 76 295 296 366 387 96 317 350 
29 24 25 402 1 2 219 220 76 191 364 96 317 186 
26 35 241 51 1 2 219 220 76 191 364 62 14 7 
26 35 241 51 1 2 219 220 76 1 2 62 317 206 19 
26 35 241 51 1 2 219 220 76 1 2 219 220 96 317 
26 180 250 209 209 76 1 2 219 220 96 317 
1 2 62 317 206 19 10 
1 2 219 220 19 191 364 
1 3 219 220 96 317 
1 2 219 220 62 317 206 19 
1 2 219 220 19 191 364 62 
1 2 219 220 191 364 
6 7 250 1 2 219 220 
1 2 219 220 96 317 350 
1 2 219 220 62 317 350 19 186 
1 2 219 220 96 145 191 46 
1 2 62 145 191 19 219 220 46 
1 2 96 145 191 22 219 220 46 
219 220 191 364 96 317 
1 2 219 220 366 387 96 317 
250 317 75 1 2 
26 6 7 51 250 75 1 2 
124 61 14 7 204 205 69 40 119 120 10 
119 120 19 132 124 61 14 7 403 404 405 406 46 
6 7 69 40 119 120 
38 39 124 61 14 7 204 205 46 
38 39 124 61 14 7 125 363 46 
26 8 32 292 293 42 43 119 120 46 
26 35 22 407 264 408 409 42 43 119 120 46 
119 120 124 61 209 407 264 408 409 46 
26 8 32 204 205 410 411 119 29 25 19 175 
38 39 124 61 14 7 403 404 405 406 46 
29 62 145 191 158 412 42 43 119 120 46 
26 62 392 191 158 412 42 43 38 39 46 
249 158 412 8 41 66 22 347 362 46 
249 204 205 8 41 66 22 14 7 61 413 10 
119 120 204 205 62 14 7 288 19 
124 61 129 130 14 7 403 404 405 406 46 
124 61 129 130 407 264 408 409 46 
38 39 22 340 204 205 16 
38 39 22 340 61 413 46 
26 8 328 204 205 40 119 120 46 
249 38 39 125 363 22 14 7 61 413 
62 29 62 414 415 22 322 324 69 40 119 120 
26 416 219 220 19 42 43 38 39 46 
26 62 261 18 42 43 38 39 46 
26 62 32 296 158 42 43 38 39 46 
26 62 84 417 19 42 43 38 39 46 
159 418 127 19 42 43 38 39 46 
38 39 249 72 165 22 14 7 61 413 46 
26 180 119 120 19 132 56 419 164 14 7 204 205 10 
26 35 22 322 325 42 43 38 39 46 
26 62 392 191 158 412 42 43 46 
119 120 38 39 124 61 129 130 264 167 408 409 46 
38 39 124 61 129 130 33 34 306 420 46 
62 29 62 61 129 130 33 34 306 420 73 327 19 
119 120 124 61 129 130 72 165 403 404 46 
119 120 249 421 90 22 14 7 61 413 10 
38 39 22 35 22 14 7 204 205 347 362 
26 35 22 72 165 42 43 38 46 
119 120 38 39 22 14 7 422 423 61 413 46 
1 2 249 119 120 204 205 8 41 66 42 43 360 424 46 
26 73 74 119 51 76 29 419 164 204 205 
26 25 402 51 76 59 2 85 26 29 419 164 204 205 
26 96 17 19 36 37 119 51 76 193 62 35 22 425 112 135 76 1 2 3 40 119 112 135 46 
73 74 22 32 36 37 91 26 119 51 76 193 62 35 22 425 112 135 39 
26 371 96 96 58 59 36 37 147 22 38 39 76 42 43 63 119 46 
26 371 96 94 22 58 59 19 38 39 76 29 426 427 46 
26 245 287 25 76 287 428 419 164 204 205 46 
38 39 295 296 22 340 204 205 16 
295 296 22 317 60 204 205 1 91 26 85 85 
26 62 429 430 421 90 431 76 1 2 40 119 7 10 
26 62 61 432 433 119 120 19 76 8 32 1 2 40 119 185 46 10 
26 434 56 26 73 74 22 51 41 224 435 170 436 94 19 76 8 328 292 293 40 96 1 2 8 350 38 112 135 46 10 
26 64 62 32 148 90 356 437 438 76 40 96 8 350 38 46 10 
113 114 61 41 224 383 119 112 135 76 26 124 61 300 346 317 60 309 310 10 
26 439 162 119 51 65 77 224 25 76 47 35 22 440 441 76 29 212 213 1 3 40 29 40 442 4 119 112 135 10 
26 390 112 35 22 49 223 125 321 76 42 43 442 4 119 120 46 10 
26 94 443 178 58 59 33 34 19 144 95 76 1 2 8 94 40 119 120 46 10 
26 35 22 14 7 125 321 40 231 302 303 19 76 42 29 42 43 96 1 2 8 38 10 
38 39 19 132 62 124 61 26 129 130 72 125 365 7 10 
26 371 96 113 114 35 22 444 222 40 138 25 76 94 40 119 120 46 10 
26 62 445 446 18 447 76 1 2 94 40 38 39 46 10 
26 3 322 324 439 162 448 261 449 450 451 25 76 8 328 292 293 94 40 119 120 38 39 7 10 
26 180 61 96 8 350 119 38 39 76 22 317 60 309 310 42 43 159 302 303 16 10 
26 12 41 112 76 113 114 35 22 256 452 403 404 76 38 39 440 441 19 453 45 22 49 140 10 
219 220 29 91 26 416 295 256 452 403 404 76 94 40 38 46 10 
26 42 43 454 3 350 18 96 1 2 8 119 120 38 39 7 10 
26 62 454 215 216 119 19 76 124 61 129 130 14 7 405 406 10 
26 43 74 162 163 96 1 2 8 119 19 76 8 41 224 40 96 38 39 204 205 84 424 455 23 7 10 
26 456 25 112 26 19 457 34 407 264 84 22 77 224 29 458 434 459 76 29 212 213 40 29 40 96 1 2 8 38 112 135 10 
26 390 112 19 324 219 220 22 460 443 72 125 19 292 293 76 94 40 96 8 38 39 46 10 
26 219 220 108 74 125 146 461 462 29 463 76 1 2 40 91 26 38 39 46 10 
26 19 125 321 448 261 449 456 464 25 76 42 43 442 4 119 120 38 39 46 10 
65 77 3 33 34 47 29 91 26 360 38 76 1 2 8 42 43 360 38 7 10 
26 256 452 29 465 182 76 1 2 42 43 91 26 38 46 10 
26 439 162 96 58 59 33 34 119 25 466 224 38 39 25 76 1 3 40 467 316 360 38 46 
61 6 7 288 19 69 40 119 120 
26 8 288 19 40 119 120 46 
113 114 26 180 38 39 19 132 76 124 61 14 7 204 205 
38 39 19 204 205 22 14 7 
429 430 421 90 431 40 38 39 46 
38 39 19 204 205 15 22 14 7 422 423 19 204 205 46 
140 468 418 40 38 46 76 390 112 22 322 42 43 302 303 
38 39 22 287 428 19 61 413 46 
38 39 19 124 413 61 48 404 184 46 
119 120 124 413 
204 205 95 
119 120 19 132 61 14 7 403 404 95 
119 120 38 39 22 14 7 347 362 35 22 
22 35 22 14 7 124 61 300 346 19 
61 469 14 7 405 406 51 250 
119 120 38 39 19 279 470 469 14 7 405 406 
124 61 416 14 7 403 404 46 
38 39 22 158 412 347 362 46 
119 120 38 39 61 320 321 403 404 46 
192 38 22 35 22 421 90 347 182 
38 39 124 61 416 365 366 403 404 46 
250 119 120 414 415 469 317 60 309 310 
119 120 38 39 124 61 177 471 317 60 405 406 
38 39 22 287 428 347 362 46 
287 428 9 240 49 223 29 40 119 120 
287 428 21 240 49 223 29 40 119 120 
49 223 472 42 43 119 120 8 32 38 39 
473 421 401 90 42 43 119 120 38 39 46 
41 182 61 22 72 165 69 42 43 38 39 46 
474 473 421 42 43 38 39 46 
475 367 476 158 412 40 29 40 38 39 
119 120 26 124 61 469 14 7 309 310 16 10 
26 245 287 472 76 287 428 419 164 46 10 
26 245 287 472 76 42 43 119 120 46 10 
26 245 287 472 76 119 120 477 185 61 413 25 46 10 
26 8 288 19 42 43 119 185 38 39 46 10 
26 22 325 22 322 22 41 478 304 42 43 119 120 46 10 
26 180 38 39 76 124 61 14 7 204 205 10 
26 180 38 39 76 124 61 14 7 403 205 46 10 
26 180 38 39 76 124 61 469 14 7 309 310 46 10 
14 7 204 205 112 76 26 22 125 308 119 120 10 
26 479 480 25 76 42 43 119 120 38 39 46 289 
26 35 72 165 35 481 39 35 325 35 322 42 43 38 39 46 10 
26 38 39 124 61 202 203 14 7 204 205 10 
38 39 61 413 62 14 7 10 
482 143 41 146 41 182 61 81 231 46 10 
72 125 93 371 146 40 38 39 46 10 
38 39 22 191 483 347 362 46 10 
26 29 62 145 191 19 76 40 38 185 39 46 10 
335 425 61 49 484 10 
26 73 74 29 419 164 204 205 76 29 212 213 371 96 40 29 40 38 185 
22 35 22 287 428 347 362 10 
439 162 22 322 38 25 76 94 40 38 39 46 10 
371 96 96 94 325 38 76 410 411 29 40 38 39 25 175 
22 67 345 19 132 410 411 42 43 38 185 175 
124 61 302 303 46 10 
40 29 40 264 167 38 10 
61 302 303 14 7 46 10 
392 191 18 147 40 38 39 10 
26 124 61 469 14 7 403 205 69 40 119 120 38 39 10 
474 485 90 42 43 119 120 38 39 175 10 
38 39 249 26 22 347 362 46 10 
343 26 8 7 140 287 486 38 39 38 19 112 135 46 289 
26 22 58 59 33 34 38 39 94 40 467 316 119 120 46 10 
38 39 208 21 61 413 62 14 7 10 
38 39 61 413 9 46 10 
26 14 7 47 35 22 42 43 119 120 38 39 46 
26 62 32 296 162 394 42 43 38 39 46 
26 62 32 296 158 42 43 119 120 38 39 46 
26 72 125 21 42 43 38 39 46 
26 35 22 309 310 167 135 302 303 42 43 119 120 38 39 46 
38 39 124 29 124 61 129 130 33 34 19 306 420 
1 2 8 124 29 124 61 129 130 33 34 306 420 73 327 19 
119 120 38 39 124 61 129 130 421 90 403 404 46 
119 120 38 39 124 29 124 61 129 130 72 165 403 404 
119 120 38 39 124 29 124 61 129 130 72 125 487 182 
38 39 22 204 205 347 362 46 
119 120 38 39 22 35 22 14 7 422 423 61 413 95 
26 245 287 25 76 287 428 419 164 204 205 46 
26 245 287 25 76 287 428 419 164 204 205 46 
1 2 8 350 119 120 38 39 22 35 22 287 428 347 362 
1 2 8 350 119 120 38 39 15 29 15 347 362 287 428 
1 2 8 350 119 120 38 39 249 287 428 22 61 413 46 
26 35 22 322 324 42 43 119 120 38 39 46 
26 35 22 181 182 125 321 42 43 119 120 38 39 46 
26 340 47 35 22 40 360 39 46 
26 96 65 77 377 119 120 38 39 25 76 94 42 43 63 38 46 
26 96 65 77 3 219 220 38 39 51 25 76 94 40 63 119 46 
26 19 158 412 62 392 191 19 76 42 43 38 39 46 
26 19 158 412 62 392 433 19 76 42 43 119 120 38 39 46 
26 29 62 145 191 18 76 35 22 181 182 338 488 76 42 43 38 39 46 
26 62 392 433 19 76 42 43 96 8 119 120 38 39 46 
1 2 249 158 489 490 96 191 22 35 22 347 362 
38 39 47 22 317 60 347 362 95 
38 39 204 205 491 492 46 
26 371 96 94 22 58 59 38 39 436 94 493 76 40 119 175 10 
38 39 61 302 303 7 10 
145 18 35 22 465 182 72 165 256 452 76 40 119 7 10 
124 61 202 203 14 7 204 205 42 43 119 120 
26 125 321 448 494 479 25 76 495 496 119 120 7 
26 94 35 202 461 472 76 42 43 119 120 7 
282 90 18 497 42 43 119 120 7 
22 29 458 434 459 19 40 360 424 41 112 119 120 204 205 7 
6 7 119 120 8 32 
26 29 202 203 58 70 19 204 205 40 119 120 7 
29 202 203 204 205 411 113 294 119 120 
119 120 8 32 40 29 40 29 61 153 32 204 205 
204 205 47 202 203 25 40 119 120 175 
113 294 69 40 202 203 1 8 32 204 205 
26 73 74 119 120 51 371 96 94 40 119 120 46 
124 61 14 7 125 308 69 40 119 120 10 
119 120 19 132 124 61 177 471 14 7 403 404 405 406 46 
6 7 69 40 119 120 38 39 
38 39 119 120 124 61 14 7 204 205 46 
38 39 22 125 363 332 333 46 
498 82 32 18 42 43 119 120 38 39 46 
26 35 22 407 264 42 43 119 120 46 
119 120 124 61 209 407 264 434 459 46 
35 322 35 325 119 29 25 19 175 
38 39 124 61 14 7 407 264 405 406 46 
29 62 145 191 158 412 42 43 119 120 38 39 46 
26 62 392 191 158 412 42 43 264 167 38 39 46 
249 158 412 8 41 66 22 14 7 347 362 46 
38 39 19 208 21 61 413 62 6 288 19 10 
119 120 204 205 19 336 337 62 6 288 19 
124 61 129 130 14 7 264 167 458 65 434 459 19 403 404 405 406 46 
9 151 264 167 38 39 124 61 129 130 407 264 408 409 46 
38 39 22 340 125 308 204 205 7 
38 39 499 500 38 7 
26 35 22 125 321 302 303 40 119 120 46 
1 2 219 220 249 38 39 125 363 22 14 7 61 413 
62 29 62 414 415 22 181 182 125 321 69 40 119 120 38 39 
26 84 417 19 42 43 38 39 46 
26 62 29 62 261 18 42 43 38 39 46 
26 62 429 430 501 90 431 42 43 38 39 46 
26 62 84 417 502 42 43 38 39 46 
159 418 127 19 38 39 124 61 177 471 14 7 7 
38 39 249 256 452 22 14 7 61 413 46 
26 180 119 120 19 132 124 61 419 164 14 7 204 205 10 
26 260 322 260 325 42 43 38 39 46 
26 29 62 145 191 18 42 43 38 39 46 
119 120 38 39 62 29 62 41 182 61 129 130 264 167 408 409 16 
38 39 124 61 129 130 33 34 306 420 503 365 46 
62 29 62 61 129 130 33 34 306 420 73 327 81 500 434 459 19 
119 120 124 61 129 130 256 452 403 404 46 
119 120 29 15 249 421 90 22 14 7 347 362 175 
38 39 22 35 22 14 7 504 383 204 205 347 362 
26 35 22 72 165 260 261 38 175 
119 120 38 39 22 14 7 151 392 61 413 46 
38 39 119 120 19 204 205 455 46 
38 39 119 120 35 22 204 205 332 333 7 
35 322 35 325 62 29 62 29 419 164 204 205 
1 2 219 220 38 39 204 205 505 7 
264 38 119 120 96 1 2 219 220 29 266 119 175 
26 371 96 96 58 59 36 37 147 22 38 39 76 42 43 96 1 8 63 119 46 
26 371 96 94 22 58 59 19 38 39 76 15 22 426 427 46 
38 39 249 287 428 22 14 7 332 333 7 
38 39 295 296 22 14 7 332 333 204 205 16 
38 39 119 120 62 260 336 337 19 7 
360 39 124 61 49 169 279 238 10 
77 78 40 256 185 38 39 10 
38 39 49 484 40 112 135 10 
77 78 40 335 506 82 51 10 
49 484 40 425 112 135 10 
208 507 49 484 40 311 185 144 10 
1 2 8 239 56 119 120 49 169 279 238 10 
1 2 56 119 120 49 484 16 
62 29 62 61 508 48 484 69 40 311 185 144 10 
1 8 32 56 119 120 49 484 10 
49 484 42 43 311 185 144 10 
49 484 69 40 360 39 10 
360 39 279 238 62 14 7 279 470 10 
360 39 56 508 49 484 10 
26 56 49 484 69 40 311 185 144 10 
144 14 7 279 470 42 43 311 185 10 
26 180 509 507 311 185 144 42 43 46 10 
1 2 8 239 49 169 279 238 42 43 311 185 39 289 
1 2 8 239 49 484 40 360 39 10 
360 39 19 279 238 62 14 7 279 470 10 
208 507 360 39 279 238 62 14 7 279 470 10 
26 29 15 61 508 48 484 69 40 311 185 144 175 10 
8 32 144 26 14 7 279 470 69 40 311 56 185 10 
360 39 61 185 14 7 279 470 16 10 
360 39 61 49 169 279 238 19 10 
360 39 140 453 124 61 49 484 10 
360 39 62 124 61 49 484 10 
360 39 62 61 185 14 7 279 470 10 
360 39 61 49 169 279 238 19 16 10 
360 39 73 133 49 169 279 238 42 43 311 185 144 10 
360 39 49 169 279 238 40 311 185 144 10 
360 39 185 311 144 73 238 62 49 169 279 238 10 
360 39 61 48 484 46 10 
360 39 140 453 61 49 169 279 238 10 
360 39 62 124 61 48 169 279 238 46 10 
360 39 140 453 14 7 279 470 185 10 
360 39 124 61 49 484 69 42 40 185 503 10 
360 39 61 48 484 69 42 43 311 144 46 10 
360 39 61 49 484 69 40 311 144 16 10 
14 7 279 470 42 43 311 185 144 10 
340 279 470 42 43 311 185 144 16 10 
26 14 7 279 470 69 40 311 144 16 10 
153 26 340 279 470 69 40 311 144 10 
49 484 40 311 185 144 
14 7 279 470 40 311 185 144 
340 279 470 40 311 185 144 
140 453 340 279 470 40 311 185 144 16 
144 14 7 279 470 40 185 109 
144 340 279 470 40 311 185 
26 245 78 40 311 185 144 7 
14 7 279 470 360 39 10 
14 7 279 470 40 311 185 144 10 
49 484 40 185 503 10 
26 360 39 49 484 42 43 311 185 144 10 
26 360 39 49 484 40 311 185 144 10 
26 360 39 94 61 508 49 484 42 43 311 185 144 10 
26 360 39 140 453 94 61 49 484 40 311 185 144 10 
1 65 76 26 180 12 41 112 76 26 153 32 360 19 39 14 7 279 470 42 43 311 185 144 16 10 
341 65 76 101 510 41 112 76 26 73 74 19 360 39 49 484 42 43 311 185 144 16 10 
180 12 41 112 76 26 360 39 49 484 42 43 311 185 144 10 
180 12 41 112 76 26 360 39 49 484 40 311 185 144 10 
26 360 39 49 484 22 256 511 10 
26 360 39 49 484 42 43 22 256 511 512 503 10 326 
26 360 39 49 169 279 238 42 43 22 256 511 512 503 10 
360 39 124 61 508 49 484 15 22 256 511 512 503 10 
360 39 49 484 40 22 144 311 10 
49 484 40 256 185 144 
144 49 484 69 40 256 185 
144 49 169 279 238 69 40 311 185 
49 169 279 238 69 40 256 185 144 
49 169 279 238 69 40 311 185 144 
144 61 77 78 69 40 311 185 
77 78 144 69 40 311 185 
360 39 61 77 78 95 
77 78 40 360 39 16 
26 14 7 279 470 40 311 185 144 
360 39 507 46 
360 39 22 49 507 
77 356 279 185 513 
8 32 144 14 7 279 470 40 185 513 
140 453 124 61 49 484 69 40 185 513 
49 484 40 311 185 38 39 10 
77 78 40 256 185 514 39 10 
124 61 49 484 69 40 311 185 38 39 10 
14 7 279 470 40 311 185 38 39 10 
360 39 61 48 484 7 10 
514 39 49 484 40 112 135 10 
335 506 124 61 49 484 10 
360 39 335 506 124 61 49 484 10 
360 39 306 307 124 61 49 484 10 
360 39 306 307 124 61 49 169 279 238 10 
360 39 306 307 124 61 515 77 78 10 
77 78 40 360 39 10 
77 78 144 40 185 503 10 
49 484 144 40 185 503 10 
38 39 19 144 124 61 49 484 40 185 26 19 503 158 10 
38 39 19 144 124 61 49 484 40 185 10 
38 39 19 144 124 61 49 169 279 238 69 40 185 26 19 503 158 10 
38 39 19 144 124 61 49 169 279 238 69 40 185 10 
208 516 49 484 40 311 185 38 39 10 
208 516 49 484 40 311 185 144 10 
208 507 49 484 40 311 185 38 39 10 
360 39 1 2 56 119 120 49 484 16 
62 29 62 61 508 48 484 69 40 311 185 38 39 10 
62 29 62 61 508 48 484 69 40 311 185 360 39 10 
1 8 32 360 39 56 119 120 49 484 10 
1 8 32 360 39 124 61 119 120 49 484 10 
1 8 32 360 39 124 61 119 120 49 169 279 238 10 
49 484 42 43 311 185 360 39 10 
49 169 279 238 69 40 360 39 185 503 158 10 
360 39 279 238 124 61 49 484 10 
360 39 56 508 401 49 169 279 238 10 
26 124 61 49 169 279 238 69 40 311 185 144 10 
26 124 61 49 169 279 238 69 40 311 185 360 39 10 
360 39 461 170 41 273 62 49 484 10 
360 39 461 170 41 273 124 61 49 484 10 
360 39 461 170 62 49 169 279 238 10 
360 39 14 7 279 470 42 43 311 185 10 
1 2 8 239 49 169 279 238 42 43 311 185 360 39 289 
1 2 8 239 124 61 49 484 69 40 360 39 10 
208 517 14 7 279 470 40 311 185 360 39 10 
208 517 360 39 279 238 62 14 7 279 470 10 
360 39 124 61 508 48 484 7 10 
8 32 38 39 26 14 7 279 470 69 40 311 56 185 10 
26 49 169 279 238 40 311 185 144 10 
360 39 124 61 49 484 10 
360 39 140 453 124 61 77 78 10 
360 39 77 78 133 40 311 185 10 
360 39 140 453 77 78 40 311 185 10 
360 39 49 484 40 311 185 144 10 
360 39 140 453 49 484 40 311 185 144 10 
360 39 140 453 124 61 49 484 69 40 311 185 144 10 
360 39 133 124 61 49 484 26 40 311 185 144 10 
360 39 133 140 453 124 61 77 78 26 40 311 185 144 10 
360 39 77 78 133 26 40 311 185 144 10 
360 39 140 453 77 78 26 40 311 185 144 10 
360 39 49 484 26 69 40 311 185 144 10 
360 39 140 453 124 61 49 484 26 69 40 311 185 144 10 
360 39 61 49 484 10 
360 39 61 49 169 279 238 10 
360 39 61 49 484 16 10 
360 39 507 46 76 61 77 78 10 
360 39 507 46 76 61 49 484 10 
360 39 507 46 76 140 453 61 77 78 10 
360 39 507 46 76 140 453 124 61 49 484 10 
360 39 507 46 76 77 78 40 311 185 144 10 
360 39 507 46 76 77 78 133 40 22 144 10 
360 39 507 46 76 26 61 77 78 40 311 185 144 289 
360 39 507 46 76 26 61 49 484 40 311 185 144 10 
360 39 507 46 76 26 124 61 77 78 311 185 144 10 
360 39 516 29 516 10 77 78 40 91 144 10 
360 39 516 29 516 10 124 61 49 169 279 238 10 
360 39 516 29 516 10 124 61 49 484 10 
360 39 516 29 516 10 49 223 78 40 311 185 144 10 
360 39 518 152 113 294 289 82 163 124 61 49 484 10 
360 39 518 152 113 294 10 82 163 124 61 77 78 10 
360 39 518 152 113 294 289 140 453 124 61 77 78 10 
360 39 518 152 113 294 10 140 453 61 49 484 10 
360 39 518 152 113 294 10 124 61 49 484 10 
360 39 518 152 113 294 10 124 61 49 169 279 238 10 
26 49 484 40 311 185 38 39 10 
26 340 279 470 40 311 185 38 39 10 
26 61 508 49 484 40 311 185 144 10 
26 61 508 49 484 40 311 185 360 39 10 
26 61 508 77 78 40 311 185 144 10 
26 61 508 77 78 40 311 185 38 39 10 
26 61 508 49 223 78 40 311 185 144 10 
26 61 508 49 169 279 238 40 311 185 144 10 
26 124 61 49 169 279 238 69 42 43 256 185 144 10 
26 124 61 49 484 69 42 43 256 185 144 10 
26 124 61 49 169 279 238 69 15 311 185 144 289 
26 124 61 49 484 69 40 311 185 144 10 
49 484 40 311 185 144 10 
49 169 279 238 360 39 
49 484 40 311 185 38 39 
14 7 279 470 42 43 311 185 144 
144 61 49 484 185 503 
144 14 7 279 470 185 503 
192 38 440 441 133 49 169 279 238 185 503 
26 49 484 69 40 311 185 144 
26 49 484 69 40 311 185 38 39 
26 49 484 69 40 311 185 192 39 
192 39 49 169 279 238 185 503 
38 39 49 169 279 238 185 503 
360 39 208 507 61 77 78 
208 397 19 360 39 279 238 62 77 78 
26 192 39 440 441 133 77 78 40 311 185 144 
41 519 170 42 43 311 185 144 46 
208 507 61 77 78 38 39 40 185 503 
26 520 167 144 76 41 519 170 42 43 311 185 144 46 
49 223 78 40 311 185 144 10 
311 185 144 19 461 170 140 453 49 484 10 
49 507 40 360 39 10 
360 39 279 238 169 46 10 
208 507 77 78 40 360 39 10 
94 39 104 319 62 14 7 288 19 16 10 
1 2 62 521 32 297 94 76 94 62 6 7 57 10 
62 287 522 94 46 10 
62 523 41 94 46 10 
6 7 94 39 10 
94 38 104 319 62 14 7 288 19 10 
317 328 104 319 94 38 10 
14 7 104 319 94 144 16 10 
6 7 94 144 10 
521 32 297 94 49 223 10 
1 2 62 508 151 145 5 94 62 14 7 10 
1 2 62 508 151 145 5 46 289 
1 2 357 358 508 151 145 5 94 39 46 10 
42 43 41 224 383 94 493 46 10 
208 49 42 43 94 49 223 287 10 
6 7 94 16 10 
521 287 61 94 49 223 144 10 
94 39 22 14 7 422 423 61 413 46 10 
1 2 6 7 94 39 19 
6 7 94 39 
26 61 6 7 94 
26 61 6 7 94 144 
26 61 6 7 94 39 
40 6 7 94 
6 7 94 39 16 
357 358 96 524 94 39 46 10 
22 14 7 94 39 19 104 319 10 
26 2 6 7 94 39 10 
26 2 82 51 14 7 525 213 94 39 10 
26 2 94 39 306 307 62 14 7 288 19 16 10 
26 2 94 39 104 319 62 14 7 10 
341 65 76 342 12 41 112 76 26 2 410 411 6 7 94 39 10 
26 2 410 411 6 7 94 39 10 
232 342 12 41 112 76 26 2 410 411 6 7 94 39 10 232 
26 2 410 411 6 7 119 120 94 39 10 
26 2 124 61 159 14 7 69 40 94 39 10 
94 39 306 307 62 14 7 288 10 
94 39 306 307 62 14 7 10 
94 39 104 319 62 14 7 10 
26 180 94 39 76 410 411 6 7 159 16 10 
26 410 411 6 7 159 76 69 40 94 39 16 10 
26 180 25 402 41 112 1 2 19 94 39 104 319 10 
26 180 25 402 41 112 26 6 7 288 40 94 39 440 441 10 
42 43 106 26 395 248 85 404 41 112 76 26 410 411 6 7 159 76 69 40 94 39 440 441 10 
26 180 94 39 76 295 296 306 307 62 14 7 10 
26 61 94 39 76 26 295 296 410 411 6 7 159 10 
26 61 94 144 526 409 527 26 76 6 7 159 526 
94 39 104 319 6 7 288 
94 39 19 104 319 22 317 60 
94 39 6 7 94 
94 39 19 327 348 
94 39 22 14 7 327 348 
94 39 19 104 319 22 14 7 
6 7 94 144 
94 144 19 104 261 
94 144 19 104 319 
94 144 19 104 319 22 317 60 
94 144 19 328 327 
26 61 6 7 94 144 16 
94 144 6 7 288 19 16 
26 411 6 288 94 39 
94 39 62 6 7 512 34 19 
26 180 94 39 19 279 470 411 6 7 119 95 
94 39 62 528 297 529 7 10 
94 39 62 528 287 529 7 10 
264 167 38 39 62 528 297 94 7 10 
264 167 38 39 62 6 7 94 19 16 10 
264 167 38 39 62 297 522 94 7 10 
264 167 38 39 62 508 151 145 5 94 7 10 
264 167 38 39 19 94 39 104 319 62 6 7 288 19 10 
264 167 38 39 42 43 41 224 530 493 7 10 
264 167 38 39 42 43 41 224 94 269 7 10 
26 61 6 7 94 39 16 10 
26 19 38 39 61 6 7 94 16 10 
94 38 19 104 319 22 317 77 328 10 
47 22 14 7 288 19 94 39 104 319 16 10 
1 2 219 220 531 301 317 328 94 39 104 261 10 
1 2 219 220 531 167 14 7 288 19 94 39 104 319 10 
6 7 532 144 95 10 
26 61 6 288 94 38 39 95 10 
26 61 6 288 94 144 95 10 
521 32 297 94 49 223 38 39 95 10 
26 2 94 39 62 508 151 145 5 94 7 10 
94 39 104 319 62 6 7 288 19 16 10 
94 39 104 319 62 14 7 186 10 
1 2 219 220 22 533 182 19 94 39 104 319 46 10 
1 2 219 220 19 94 39 104 319 62 6 7 288 19 16 10 
1 2 219 220 19 94 39 104 319 62 14 7 186 10 
124 61 82 51 14 7 534 535 94 39 10 
61 6 288 94 39 10 
22 317 60 94 39 104 319 10 
22 347 182 19 94 39 104 319 46 10 
1 2 19 94 39 104 319 47 22 317 60 10 
1 2 19 94 39 104 319 62 6 7 288 19 16 10 
1 2 19 94 39 104 319 62 14 7 186 10 
26 124 61 82 51 14 7 104 319 94 39 10 
26 61 82 51 14 7 104 319 94 39 10 
26 61 113 294 94 39 10 
26 6 288 69 42 43 94 39 10 
26 61 6 288 69 40 94 39 10 
38 39 133 76 61 6 288 94 39 10 
38 39 133 76 61 113 294 94 39 10 
38 39 133 76 61 82 51 14 7 104 319 94 39 10 
38 39 133 76 26 61 6 288 94 39 10 
38 39 133 76 26 61 113 294 94 39 10 
38 39 133 76 26 61 82 51 14 7 104 319 94 39 10 
38 39 133 76 26 42 43 82 51 317 60 104 319 94 39 10 
38 39 133 76 26 42 43 82 51 317 60 104 319 512 34 94 39 10 
38 39 133 76 26 42 43 6 288 94 39 10 
38 39 133 76 26 40 231 113 294 94 39 10 
1 2 219 220 47 22 317 60 94 39 104 319 186 10 
1 2 47 22 317 60 94 39 104 319 186 10 
26 180 94 39 76 6 7 94 10 
26 180 129 74 94 39 76 42 43 46 10 
61 6 7 94 39 16 10 
1 2 219 220 295 296 22 317 60 94 39 104 319 95 10 
26 42 43 536 537 14 7 288 19 94 39 104 319 95 10 
47 22 317 60 94 39 104 319 42 130 536 537 10 
6 7 94 39 16 10 
185 279 470 6 7 94 39 
185 170 6 7 94 39 
42 43 6 7 94 39 
26 185 279 470 61 6 7 94 144 
26 185 279 470 61 6 7 94 39 
14 7 288 19 94 39 104 319 186 
14 7 288 19 94 144 104 319 16 
94 39 104 319 62 6 7 288 19 
41 224 383 94 39 94 62 280 170 94 39 
94 39 104 319 62 280 170 46 
94 39 62 61 41 224 383 19 46 
94 39 42 43 536 537 280 170 46 
40 280 170 94 46 
26 6 7 94 39 91 1 2 186 
26 6 7 396 144 101 91 1 2 
1 2 22 538 312 539 19 46 10 
256 538 312 539 46 10 
538 312 539 62 49 223 16 10 
6 7 256 539 19 10 
22 70 217 539 46 10 
256 70 217 539 46 10 
256 49 223 539 167 10 
1 2 62 70 217 46 10 
1 2 124 61 151 392 256 539 46 10 
1 2 19 538 312 539 62 77 32 23 10 
1 2 538 312 539 140 332 49 223 10 
538 312 539 207 29 207 10 
538 312 539 6 7 288 10 
70 217 539 62 49 223 10 
1 2 61 256 49 223 538 312 539 10 
1 2 61 256 49 223 70 217 539 10 
8 32 62 29 62 22 538 312 539 16 10 
8 32 62 29 62 22 70 217 539 96 350 105 16 10 
70 217 539 207 46 10 
538 312 539 207 46 10 
1 2 8 32 538 312 539 22 46 10 
1 2 62 29 62 61 256 301 538 312 539 19 10 
538 312 539 62 6 7 256 301 19 10 
1 2 22 256 539 290 291 62 14 7 288 19 10 
1 2 538 312 539 42 43 131 46 10 
1 2 19 538 312 539 6 7 99 19 10 
538 312 539 62 349 38 39 146 151 540 541 19 46 10 
1 2 61 256 539 46 10 
1 2 62 106 26 256 539 46 10 
538 312 539 140 332 62 49 223 10 
70 217 539 140 332 62 49 223 144 10 
538 312 539 62 77 32 23 10 
538 312 539 61 256 46 10 
26 61 542 81 538 312 539 46 10 
538 312 539 9 29 9 16 10 
538 312 539 62 14 7 288 324 19 10 
153 26 62 29 62 61 91 1 2 538 312 539 16 10 
153 26 62 29 62 61 81 538 312 539 16 10 
26 62 29 62 61 81 70 217 539 10 
26 61 81 49 223 144 19 538 312 539 10 
26 61 81 49 223 144 19 70 217 539 10 
22 538 312 539 7 
256 29 256 538 312 539 
538 312 539 6 7 256 19 
538 312 539 207 29 207 
538 312 539 295 296 62 6 7 256 19 
1 2 256 538 312 539 7 
1 2 62 543 539 19 46 10 
1 2 124 61 256 301 538 312 539 19 46 10 
1 2 62 61 538 312 539 19 94 62 543 539 19 10 
1 2 538 312 539 6 7 256 10 
1 2 538 312 539 6 7 256 301 10 
1 2 6 7 256 538 312 539 19 10 
1 2 19 538 312 62 543 539 19 46 10 
1 2 19 538 312 62 260 544 19 46 10 
1 2 538 312 214 392 256 539 46 10 
1 2 256 29 256 538 312 539 16 10 
26 2 124 61 81 538 312 539 46 10 
232 341 65 76 342 12 41 112 76 1 2 256 538 312 539 46 10 232 
1 2 36 37 256 301 538 312 539 46 10 
1 2 256 538 312 539 46 10 
124 61 538 312 539 46 10 
538 312 539 62 6 7 99 19 10 
22 109 316 539 46 10 
538 312 539 256 19 9 46 10 
538 312 539 61 46 
61 538 312 539 46 
538 312 539 61 49 223 
1 2 538 312 539 6 7 99 19 
538 312 539 6 7 256 19 
124 61 538 312 539 19 46 
124 29 124 61 538 312 539 
538 312 539 124 61 46 
538 312 539 61 29 61 
1 2 94 256 538 312 539 46 
256 70 238 539 46 
124 61 81 538 312 539 46 
538 312 539 62 6 7 256 19 
1 2 256 538 312 539 46 10 
538 312 539 62 49 223 16 10 
538 312 539 19 299 300 62 6 288 19 10 
538 312 475 19 299 300 62 49 223 10 
6 7 256 301 538 312 539 10 
1 2 61 256 301 151 392 19 539 167 7 10 
1 2 124 61 151 392 256 539 46 10 
1 2 19 538 312 539 62 6 7 256 301 19 10 
1 2 538 312 539 280 38 39 256 301 7 10 
1 2 538 312 539 9 29 9 10 
1 2 61 545 301 49 223 538 312 539 10 
1 2 61 256 49 223 129 440 10 
1 2 129 440 19 4 45 62 49 223 10 
1 2 219 220 62 29 62 22 538 312 539 16 10 
1 2 219 220 538 312 539 9 29 9 546 10 
538 312 539 207 46 10 
1 2 8 32 538 312 539 62 49 223 10 
1 2 62 29 62 61 256 301 538 312 539 167 19 10 
538 312 539 62 528 173 6 288 19 299 300 256 301 19 10 
1 2 19 538 312 539 6 7 164 99 19 10 
538 312 539 62 349 38 39 146 151 19 49 223 440 20 547 7 10 
1 2 62 29 62 94 61 256 301 538 312 539 16 10 
1 2 219 220 538 312 539 140 332 62 49 223 10 
1 2 219 220 538 312 539 62 77 32 23 10 
1 2 219 220 61 538 312 539 46 10 
538 312 539 62 32 14 7 288 324 19 10 
26 62 29 62 61 91 1 2 538 312 539 16 10 
26 61 81 49 223 32 23 19 538 312 539 10 
1 2 62 22 538 312 539 19 46 10 
1 2 62 22 538 312 539 46 10 
1 2 62 256 538 312 539 19 46 10 
1 2 256 29 256 538 312 539 10 
1 2 22 538 312 539 46 10 
1 2 22 538 312 539 46 76 62 49 223 95 10 
1 2 22 538 312 539 46 76 62 528 14 7 20 547 256 144 19 95 10 
1 2 19 538 312 539 62 49 223 186 10 
1 2 19 538 312 539 62 6 7 99 19 95 10 
1 2 62 528 14 7 20 547 256 301 538 312 539 19 95 10 
1 2 62 6 7 256 301 538 312 539 19 10 
1 2 8 206 124 61 538 312 539 46 10 
1 2 8 350 124 61 81 538 312 539 46 10 
1 2 8 350 62 6 7 256 301 538 312 539 19 10 
1 2 8 350 19 538 312 539 62 6 7 256 301 19 10 
113 114 26 61 119 120 38 39 76 1 2 8 350 19 538 312 539 6 7 256 301 10 
113 114 26 96 1 2 8 239 119 120 38 39 76 124 61 81 538 312 539 46 10 
113 114 26 96 1 2 8 239 119 120 38 39 76 1 2 22 538 312 539 19 46 10 
113 114 26 96 1 2 8 239 119 120 38 39 76 1 2 62 22 538 312 539 19 46 10 
113 114 26 96 1 2 8 239 119 120 38 39 76 1 2 62 22 538 312 539 46 10 
113 114 26 96 1 2 8 239 119 120 38 39 76 1 2 62 256 538 312 539 19 46 10 
113 114 26 96 1 2 8 239 119 120 38 39 76 1 2 256 29 256 538 312 539 95 10 
113 114 26 96 1 2 8 239 119 120 38 39 76 1 2 22 538 312 539 46 10 
113 114 26 96 1 2 8 239 119 120 38 39 76 1 2 62 528 14 7 20 547 256 301 538 312 539 95 10 
96 1 2 8 239 119 38 39 76 538 312 539 62 49 223 186 10 
96 1 2 8 239 119 38 39 76 1 2 22 538 312 539 46 10 
96 1 2 8 239 119 38 39 76 1 2 62 22 538 312 539 19 46 10 
96 1 2 8 239 119 38 39 76 1 2 62 256 538 312 539 19 46 10 
96 1 2 8 239 119 38 39 76 1 2 256 29 256 538 312 539 95 10 
96 1 2 8 239 119 38 39 76 1 2 62 528 14 7 20 547 256 538 312 539 19 95 10 
1 2 62 256 538 312 539 19 46 10 
1 2 61 256 538 312 539 46 
1 2 15 256 538 312 539 46 
1 2 538 312 539 49 223 
1 2 538 312 539 62 49 223 
1 2 538 312 539 256 49 223 
1 2 256 301 49 223 538 312 539 
1 2 22 538 312 539 46 
1 2 6 7 256 538 312 539 19 
538 312 539 62 6 7 256 19 
538 312 539 528 14 7 256 301 
538 312 539 62 528 192 38 19 146 151 256 301 19 46 
538 312 539 62 528 192 39 146 151 256 301 19 46 
538 312 539 62 528 38 39 146 151 256 301 19 46 
1 2 6 7 256 539 186 
1 2 151 392 256 144 46 
94 22 58 59 539 167 46 
38 49 223 311 49 223 62 175 10 
260 302 303 6 7 38 39 10 
1 2 219 220 260 302 303 6 7 305 19 10 
1 2 260 302 303 19 306 307 62 226 288 19 10 
1 2 260 302 303 38 39 124 61 14 7 125 308 10 
260 302 303 6 7 159 10 
26 35 22 309 310 302 303 76 180 61 38 39 76 6 7 159 10 
26 35 22 309 310 302 303 76 180 61 38 39 76 6 7 119 10 
26 35 22 309 310 302 303 76 180 61 38 39 76 226 159 10 
26 35 22 309 310 302 303 76 180 61 38 39 76 226 119 10 
26 180 260 302 303 76 6 7 159 10 
26 180 260 302 303 76 6 7 119 10 
26 180 260 302 303 76 226 159 10 
26 180 260 302 303 76 226 119 10 
26 180 119 120 76 260 302 303 6 7 159 10 
6 7 119 120 260 302 303 10 
113 294 119 120 260 302 303 10 
26 180 38 39 76 193 35 22 309 310 302 303 76 6 7 159 10 
26 180 38 39 76 193 35 22 309 310 302 303 76 6 7 119 10 
26 180 38 39 76 193 35 22 309 310 302 303 76 226 159 10 
26 180 38 39 76 193 35 22 309 310 302 303 76 113 294 119 120 10 
260 302 303 61 6 7 159 10 
260 302 303 61 6 7 119 120 10 
260 302 303 6 288 119 120 10 
260 302 303 113 294 119 120 10 
6 288 69 42 43 119 120 260 302 303 10 
6 288 69 40 119 120 260 302 303 289 
26 180 119 120 260 302 303 76 6 7 119 120 10 
26 180 260 302 303 38 39 76 6 7 159 10 
26 180 260 302 303 38 39 76 6 7 119 120 10 
26 61 260 302 303 38 39 76 6 7 159 10 
26 61 260 302 303 38 39 76 6 7 119 120 10 
260 302 303 38 39 40 159 46 10 
260 302 303 38 39 42 43 159 46 10 
260 302 303 38 39 6 288 159 10 
26 180 260 302 303 76 40 159 46 10 
26 180 260 302 303 76 42 43 159 46 10 
26 61 260 302 303 76 40 159 46 10 
26 61 260 302 303 76 42 43 159 46 10 
26 180 38 39 76 42 62 35 309 310 302 303 76 40 159 46 10 
26 180 38 39 76 42 62 35 309 310 302 303 76 42 43 159 46 10 
26 180 38 39 76 42 62 35 309 310 302 303 76 42 43 119 120 46 10 
26 61 38 39 76 193 26 311 29 177 309 310 302 303 76 40 159 46 10 
26 61 38 39 76 193 26 311 29 177 309 310 302 303 76 42 43 159 46 10 
26 61 38 39 76 193 26 311 29 177 309 310 302 303 76 42 43 119 46 10 
180 61 260 302 303 38 39 76 40 159 46 289 
180 61 260 302 303 38 39 76 42 43 159 46 10 
180 61 260 302 303 38 39 76 42 43 119 46 10 
42 43 260 302 303 46 10 
42 43 119 120 260 302 303 46 289 
26 79 124 61 119 120 260 302 303 76 40 159 46 10 
26 79 180 61 260 302 303 38 39 76 40 159 46 10 
26 79 61 260 302 303 38 39 76 40 159 46 10 
1 2 219 220 40 260 302 303 38 39 46 10 
1 2 219 220 42 43 260 302 303 38 39 46 10 
1 2 219 220 22 260 302 303 8 32 90 312 46 10 
260 302 303 40 159 46 10 
260 302 303 192 42 43 46 
40 38 46 
6 7 38 19 
260 302 303 38 34 29 34 
192 42 43 159 260 302 303 46 
26 180 192 76 42 43 260 302 303 46 
26 40 29 40 260 302 303 38 186 
42 43 313 26 159 19 260 302 303 46 
260 302 303 42 29 42 43 
26 40 192 19 260 302 303 46 
1 2 153 32 260 302 303 192 38 40 192 185 46 
29 103 309 310 40 38 46 
29 303 309 310 40 38 46 
35 103 314 315 40 38 46 
302 103 42 43 159 46 
38 29 302 103 314 315 42 43 46 
260 302 303 40 159 7 
260 302 303 42 43 7 
22 302 303 34 7 
29 302 303 192 42 43 7 
302 303 25 192 34 29 34 
26 42 43 38 46 
40 38 46 
38 61 6 7 305 
38 42 43 46 
38 19 109 316 22 317 60 
38 61 317 60 109 316 
